-0.14285714285714296,-0.142857142857143,-0.23164582466975706,-0.28474739872574933,-0.26366402215232204,-0.4034732923929642,-0.17586311452816505,2.2912878474779164,-0.5927489783638196,-0.24124895481858216,-0.3333333333333333,-0.1758631145281647,-0.17586311452816494,-0.1758631145281649,-0.20412414523193168,-0.2526455763199551,-0.19044534662683063,-0.2170723815877266,-0.43643578047198417,-0.25264557631995604,-0.20412414523193187,-0.16012815380508724,-0.1601281538050868,-0.34251778896020846,-0.27435163058436757,3.391164991562637,-0.21707238158772663,-0.16012815380508674,-0.17586311452816505,-0.2170723815877268,6.244997998398394,-0.1601281538050869,-0.1601281538050871,-0.16012815380508685,-0.26366402215232204,-0.16012815380508705,-0.2041241452319317,-0.16012815380508713,-0.17586311452816483,-0.2170723815877267,-0.17586311452816497,-0.2294157338705619,-0.25264557631995566,-0.16012815380508733,-0.17586311452816486,-0.19044534662683035,-0.2294157338705616,-0.16012815380508702,-0.1758631145281652,-0.17586311452816475,-0.1601281538050872,-0.16012815380508685,-0.20412414523193173,-0.16012815380508724,-0.21707238158772652,5.686240703077335,-0.1601281538050872,-0.16012815380508708,-0.16012815380508708,-0.20412414523193181,-0.1758631145281651,-0.1601281538050869
-0.14285714285714296,-0.142857142857143,0.17292404878422438,-0.28474739872574933,-0.26366402215232204,-0.4034732923929642,-0.17586311452816505,2.2912878474779164,-0.5927489783638196,-0.24124895481858216,-0.3333333333333333,-0.1758631145281647,-0.17586311452816494,-0.1758631145281649,-0.20412414523193168,-0.2526455763199551,-0.19044534662683063,-0.2170723815877266,-0.43643578047198417,-0.25264557631995604,-0.20412414523193187,-0.16012815380508724,-0.1601281538050868,-0.34251778896020846,-0.27435163058436757,-0.2948839123097945,-0.21707238158772663,-0.16012815380508674,-0.17586311452816505,-0.2170723815877268,-0.16012815380508702,-0.1601281538050869,-0.1601281538050871,-0.16012815380508685,-0.26366402215232204,-0.16012815380508705,-0.2041241452319317,-0.16012815380508713,-0.17586311452816483,-0.2170723815877267,-0.17586311452816497,-0.2294157338705619,-0.25264557631995566,-0.16012815380508733,-0.17586311452816486,-0.19044534662683035,-0.2294157338705616,-0.16012815380508702,-0.1758631145281652,-0.17586311452816475,-0.1601281538050872,-0.16012815380508685,-0.20412414523193173,-0.16012815380508724,-0.21707238158772652,-0.17586311452816497,-0.1601281538050872,-0.16012815380508708,-0.16012815380508708,-0.20412414523193181,-0.1758631145281651,-0.1601281538050869
-0.14285714285714296,-0.142857142857143,-0.8986354626491608,-0.28474739872574933,-0.26366402215232204,2.478478796128208,-0.17586311452816505,-0.4364357804719841,1.687054784573948,-0.24124895481858216,-0.3333333333333333,-0.1758631145281647,-0.17586311452816494,-0.1758631145281649,-0.20412414523193168,-0.2526455763199551,-0.19044534662683063,-0.2170723815877266,2.291287847477917,-0.25264557631995604,-0.20412414523193187,-0.16012815380508724,-0.1601281538050868,-0.34251778896020846,-0.27435163058436757,-0.2948839123097945,-0.21707238158772663,-0.16012815380508674,-0.17586311452816505,-0.2170723815877268,-0.16012815380508702,-0.1601281538050869,-0.1601281538050871,-0.16012815380508685,-0.26366402215232204,-0.16012815380508705,-0.2041241452319317,-0.16012815380508713,-0.17586311452816483,-0.2170723815877267,-0.17586311452816497,-0.2294157338705619,3.9581140290126386,-0.16012815380508733,-0.17586311452816486,-0.19044534662683035,-0.2294157338705616,-0.16012815380508702,-0.1758631145281652,-0.17586311452816475,-0.1601281538050872,-0.16012815380508685,-0.20412414523193173,-0.16012815380508724,-0.21707238158772652,-0.17586311452816497,-0.1601281538050872,-0.16012815380508708,-0.16012815380508708,-0.20412414523193181,-0.1758631145281651,-0.1601281538050869
-0.14285714285714296,-0.142857142857143,-0.2987148041232401,-0.28474739872574933,-0.26366402215232204,-0.4034732923929642,-0.17586311452816505,2.2912878474779164,-0.5927489783638196,-0.24124895481858216,-0.3333333333333333,-0.1758631145281647,-0.17586311452816494,-0.1758631145281649,-0.20412414523193168,-0.2526455763199551,-0.19044534662683063,4.606758320361753,-0.43643578047198417,-0.25264557631995604,-0.20412414523193187,-0.16012815380508724,-0.1601281538050868,-0.34251778896020846,-0.27435163058436757,-0.2948839123097945,-0.21707238158772663,-0.16012815380508674,-0.17586311452816505,-0.2170723815877268,-0.16012815380508702,-0.1601281538050869,-0.1601281538050871,-0.16012815380508685,-0.26366402215232204,-0.16012815380508705,-0.2041241452319317,-0.16012815380508713,-0.17586311452816483,-0.2170723815877267,-0.17586311452816497,-0.2294157338705619,-0.25264557631995566,-0.16012815380508733,-0.17586311452816486,-0.19044534662683035,-0.2294157338705616,-0.16012815380508702,-0.1758631145281652,-0.17586311452816475,-0.1601281538050872,-0.16012815380508685,-0.20412414523193173,-0.16012815380508724,-0.21707238158772652,-0.17586311452816497,-0.1601281538050872,-0.16012815380508708,-0.16012815380508708,-0.20412414523193181,-0.1758631145281651,-0.1601281538050869
-0.14285714285714296,-0.142857142857143,-0.3190802327235811,-0.28474739872574933,-0.26366402215232204,-0.4034732923929642,-0.17586311452816505,-0.4364357804719841,-0.5927489783638196,-0.24124895481858216,-0.3333333333333333,5.686240703077325,5.686240703077334,5.686240703077331,-0.20412414523193168,-0.2526455763199551,-0.19044534662683063,-0.2170723815877266,-0.43643578047198417,-0.25264557631995604,-0.20412414523193187,-0.16012815380508724,-0.1601281538050868,-0.34251778896020846,-0.27435163058436757,-0.2948839123097945,-0.21707238158772663,-0.16012815380508674,-0.17586311452816505,-0.2170723815877268,-0.16012815380508702,-0.1601281538050869,-0.1601281538050871,-0.16012815380508685,-0.26366402215232204,-0.16012815380508705,-0.2041241452319317,-0.16012815380508713,-0.17586311452816483,-0.2170723815877267,-0.17586311452816497,-0.2294157338705619,-0.25264557631995566,-0.16012815380508733,-0.17586311452816486,-0.19044534662683035,-0.2294157338705616,-0.16012815380508702,-0.1758631145281652,-0.17586311452816475,-0.1601281538050872,-0.16012815380508685,-0.20412414523193173,-0.16012815380508724,-0.21707238158772652,-0.17586311452816497,-0.1601281538050872,-0.16012815380508708,-0.16012815380508708,-0.20412414523193181,-0.1758631145281651,-0.1601281538050869
-0.14285714285714296,-0.142857142857143,-0.09712910957995209,-0.28474739872574933,3.792705549421863,-0.4034732923929642,-0.17586311452816505,-0.4364357804719841,-0.5927489783638196,-0.24124895481858216,-0.3333333333333333,-0.1758631145281647,-0.17586311452816494,-0.1758631145281649,-0.20412414523193168,-0.2526455763199551,-0.19044534662683063,-0.2170723815877266,-0.43643578047198417,-0.25264557631995604,-0.20412414523193187,-0.16012815380508724,-0.1601281538050868,-0.34251778896020846,-0.27435163058436757,-0.2948839123097945,-0.21707238158772663,-0.16012815380508674,-0.17586311452816505,-0.2170723815877268,-0.16012815380508702,-0.1601281538050869,-0.1601281538050871,-0.16012815380508685,-0.26366402215232204,-0.16012815380508705,-0.2041241452319317,-0.16012815380508713,-0.17586311452816483,-0.2170723815877267,-0.17586311452816497,-0.2294157338705619,-0.25264557631995566,-0.16012815380508733,-0.17586311452816486,-0.19044534662683035,-0.2294157338705616,-0.16012815380508702,-0.1758631145281652,-0.17586311452816475,-0.1601281538050872,-0.16012815380508685,-0.20412414523193173,-0.16012815380508724,-0.21707238158772652,-0.17586311452816497,-0.1601281538050872,-0.16012815380508708,-0.16012815380508708,-0.20412414523193181,-0.1758631145281651,-0.1601281538050869
-0.14285714285714296,-0.142857142857143,-0.788067792351173,-0.28474739872574933,-0.26366402215232204,2.478478796128208,-0.17586311452816505,-0.4364357804719841,-0.5927489783638196,-0.24124895481858216,-0.3333333333333333,-0.1758631145281647,-0.17586311452816494,-0.1758631145281649,-0.20412414523193168,-0.2526455763199551,5.250850271282615,4.606758320361753,2.291287847477917,-0.25264557631995604,-0.20412414523193187,-0.16012815380508724,-0.1601281538050868,-0.34251778896020846,-0.27435163058436757,-0.2948839123097945,-0.21707238158772663,-0.16012815380508674,-0.17586311452816505,-0.2170723815877268,-0.16012815380508702,-0.1601281538050869,-0.1601281538050871,-0.16012815380508685,-0.26366402215232204,-0.16012815380508705,-0.2041241452319317,-0.16012815380508713,-0.17586311452816483,-0.2170723815877267,-0.17586311452816497,-0.2294157338705619,-0.25264557631995566,-0.16012815380508733,-0.17586311452816486,-0.19044534662683035,-0.2294157338705616,-0.16012815380508702,-0.1758631145281652,-0.17586311452816475,-0.1601281538050872,-0.16012815380508685,-0.20412414523193173,-0.16012815380508724,-0.21707238158772652,-0.17586311452816497,-0.1601281538050872,-0.16012815380508708,-0.16012815380508708,-0.20412414523193181,-0.1758631145281651,-0.1601281538050869
-0.14285714285714296,-0.142857142857143,3.1745376626919732,-0.28474739872574933,-0.26366402215232204,-0.4034732923929642,-0.17586311452816505,-0.4364357804719841,1.687054784573948,-0.24124895481858216,-0.3333333333333333,-0.1758631145281647,-0.17586311452816494,-0.1758631145281649,-0.20412414523193168,-0.2526455763199551,-0.19044534662683063,-0.2170723815877266,-0.43643578047198417,-0.25264557631995604,-0.20412414523193187,-0.16012815380508724,-0.1601281538050868,-0.34251778896020846,-0.27435163058436757,-0.2948839123097945,-0.21707238158772663,-0.16012815380508674,-0.17586311452816505,-0.2170723815877268,-0.16012815380508702,-0.1601281538050869,-0.1601281538050871,-0.16012815380508685,-0.26366402215232204,-0.16012815380508705,-0.2041241452319317,-0.16012815380508713,-0.17586311452816483,-0.2170723815877267,-0.17586311452816497,-0.2294157338705619,-0.25264557631995566,-0.16012815380508733,-0.17586311452816486,-0.19044534662683035,-0.2294157338705616,-0.16012815380508702,-0.1758631145281652,-0.17586311452816475,-0.1601281538050872,-0.16012815380508685,-0.20412414523193173,-0.16012815380508724,-0.21707238158772652,-0.17586311452816497,-0.1601281538050872,-0.16012815380508708,-0.16012815380508708,4.898979485566364,-0.1758631145281651,-0.1601281538050869
-0.14285714285714296,-0.142857142857143,0.7847609595240784,-0.28474739872574933,-0.26366402215232204,-0.4034732923929642,-0.17586311452816505,-0.4364357804719841,-0.5927489783638196,-0.24124895481858216,-0.3333333333333333,-0.1758631145281647,-0.17586311452816494,-0.1758631145281649,-0.20412414523193168,-0.2526455763199551,-0.19044534662683063,-0.2170723815877266,-0.43643578047198417,-0.25264557631995604,-0.20412414523193187,-0.16012815380508724,-0.1601281538050868,-0.34251778896020846,-0.27435163058436757,-0.2948839123097945,-0.21707238158772663,-0.16012815380508674,-0.17586311452816505,-0.2170723815877268,-0.16012815380508702,6.244997998398389,-0.1601281538050871,-0.16012815380508685,-0.26366402215232204,-0.16012815380508705,-0.2041241452319317,-0.16012815380508713,5.686240703077329,-0.2170723815877267,-0.17586311452816497,-0.2294157338705619,-0.25264557631995566,-0.16012815380508733,-0.17586311452816486,-0.19044534662683035,-0.2294157338705616,-0.16012815380508702,-0.1758631145281652,-0.17586311452816475,-0.1601281538050872,-0.16012815380508685,-0.20412414523193173,-0.16012815380508724,-0.21707238158772652,-0.17586311452816497,6.2449979983984,-0.16012815380508708,-0.16012815380508708,-0.20412414523193181,-0.1758631145281651,-0.1601281538050869
-0.14285714285714296,-0.142857142857143,-0.936336270387131,-0.28474739872574933,-0.26366402215232204,-0.4034732923929642,-0.17586311452816505,-0.4364357804719841,-0.5927489783638196,-0.24124895481858216,-0.3333333333333333,-0.1758631145281647,-0.17586311452816494,-0.1758631145281649,-0.20412414523193168,-0.2526455763199551,-0.19044534662683063,-0.2170723815877266,2.291287847477917,-0.25264557631995604,-0.20412414523193187,-0.16012815380508724,-0.1601281538050868,-0.34251778896020846,-0.27435163058436757,-0.2948839123097945,-0.21707238158772663,-0.16012815380508674,-0.17586311452816505,-0.2170723815877268,-0.16012815380508702,-0.1601281538050869,-0.1601281538050871,-0.16012815380508685,-0.26366402215232204,-0.16012815380508705,-0.2041241452319317,-0.16012815380508713,-0.17586311452816483,-0.2170723815877267,-0.17586311452816497,-0.2294157338705619,-0.25264557631995566,-0.16012815380508733,-0.17586311452816486,-0.19044534662683035,-0.2294157338705616,-0.16012815380508702,-0.1758631145281652,-0.17586311452816475,-0.1601281538050872,-0.16012815380508685,-0.20412414523193173,-0.16012815380508724,-0.21707238158772652,-0.17586311452816497,-0.1601281538050872,-0.16012815380508708,-0.16012815380508708,-0.20412414523193181,-0.1758631145281651,-0.1601281538050869
-0.14285714285714296,-0.142857142857143,0.7625308851005306,-0.28474739872574933,-0.26366402215232204,-0.4034732923929642,-0.17586311452816505,-0.4364357804719841,1.687054784573948,-0.24124895481858216,-0.3333333333333333,-0.1758631145281647,-0.17586311452816494,-0.1758631145281649,-0.20412414523193168,-0.2526455763199551,-0.19044534662683063,-0.2170723815877266,-0.43643578047198417,-0.25264557631995604,-0.20412414523193187,-0.16012815380508724,-0.1601281538050868,2.919556391613206,-0.27435163058436757,-0.2948839123097945,-0.21707238158772663,-0.16012815380508674,-0.17586311452816505,-0.2170723815877268,-0.16012815380508702,-0.1601281538050869,-0.1601281538050871,-0.16012815380508685,-0.26366402215232204,-0.16012815380508705,-0.2041241452319317,-0.16012815380508713,-0.17586311452816483,-0.2170723815877267,-0.17586311452816497,-0.2294157338705619,-0.25264557631995566,-0.16012815380508733,-0.17586311452816486,-0.19044534662683035,-0.2294157338705616,-0.16012815380508702,-0.1758631145281652,-0.17586311452816475,-0.1601281538050872,-0.16012815380508685,-0.20412414523193173,-0.16012815380508724,-0.21707238158772652,-0.17586311452816497,6.2449979983984,-0.16012815380508708,-0.16012815380508708,-0.20412414523193181,-0.1758631145281651,-0.1601281538050869
-0.14285714285714296,-0.142857142857143,-0.3145642936205012,-0.28474739872574933,-0.26366402215232204,-0.4034732923929642,-0.17586311452816505,-0.4364357804719841,-0.5927489783638196,-0.24124895481858216,-0.3333333333333333,-0.1758631145281647,-0.17586311452816494,5.686240703077331,-0.20412414523193168,3.9581140290126298,-0.19044534662683063,-0.2170723815877266,-0.43643578047198417,-0.25264557631995604,-0.20412414523193187,-0.16012815380508724,-0.1601281538050868,-0.34251778896020846,-0.27435163058436757,-0.2948839123097945,-0.21707238158772663,-0.16012815380508674,-0.17586311452816505,-0.2170723815877268,-0.16012815380508702,-0.1601281538050869,-0.1601281538050871,-0.16012815380508685,-0.26366402215232204,-0.16012815380508705,-0.2041241452319317,-0.16012815380508713,-0.17586311452816483,-0.2170723815877267,-0.17586311452816497,-0.2294157338705619,-0.25264557631995566,-0.16012815380508733,-0.17586311452816486,-0.19044534662683035,-0.2294157338705616,-0.16012815380508702,-0.1758631145281652,-0.17586311452816475,-0.1601281538050872,-0.16012815380508685,-0.20412414523193173,-0.16012815380508724,-0.21707238158772652,-0.17586311452816497,-0.1601281538050872,-0.16012815380508708,-0.16012815380508708,-0.20412414523193181,-0.1758631145281651,-0.1601281538050869
-0.14285714285714296,-0.142857142857143,-0.44284609923895724,-0.28474739872574933,-0.26366402215232204,-0.4034732923929642,-0.17586311452816505,-0.4364357804719841,-0.5927489783638196,-0.24124895481858216,-0.3333333333333333,-0.1758631145281647,-0.17586311452816494,-0.1758631145281649,-0.20412414523193168,-0.2526455763199551,-0.19044534662683063,-0.2170723815877266,-0.43643578047198417,-0.25264557631995604,-0.20412414523193187,-0.16012815380508724,-0.1601281538050868,-0.34251778896020846,-0.27435163058436757,-0.2948839123097945,-0.21707238158772663,-0.16012815380508674,-0.17586311452816505,-0.2170723815877268,-0.16012815380508702,-0.1601281538050869,-0.1601281538050871,-0.16012815380508685,-0.26366402215232204,-0.16012815380508705,-0.2041241452319317,-0.16012815380508713,-0.17586311452816483,-0.2170723815877267,-0.17586311452816497,-0.2294157338705619,-0.25264557631995566,-0.16012815380508733,-0.17586311452816486,-0.19044534662683035,-0.2294157338705616,-0.16012815380508702,-0.1758631145281652,-0.17586311452816475,-0.1601281538050872,6.244997998398387,-0.20412414523193173,-0.16012815380508724,-0.21707238158772652,-0.17586311452816497,-0.1601281538050872,-0.16012815380508708,-0.16012815380508708,-0.20412414523193181,-0.1758631145281651,-0.1601281538050869
-0.14285714285714296,-0.142857142857143,-0.6491225434312508,-0.28474739872574933,-0.26366402215232204,-0.4034732923929642,-0.17586311452816505,-0.4364357804719841,-0.5927489783638196,-0.24124895481858216,-0.3333333333333333,-0.1758631145281647,-0.17586311452816494,-0.1758631145281649,-0.20412414523193168,-0.2526455763199551,-0.19044534662683063,-0.2170723815877266,-0.43643578047198417,-0.25264557631995604,-0.20412414523193187,-0.16012815380508724,-0.1601281538050868,-0.34251778896020846,-0.27435163058436757,-0.2948839123097945,4.606758320361754,6.244997998398382,-0.17586311452816505,-0.2170723815877268,-0.16012815380508702,-0.1601281538050869,-0.1601281538050871,-0.16012815380508685,-0.26366402215232204,-0.16012815380508705,-0.2041241452319317,-0.16012815380508713,-0.17586311452816483,-0.2170723815877267,-0.17586311452816497,-0.2294157338705619,-0.25264557631995566,-0.16012815380508733,-0.17586311452816486,-0.19044534662683035,-0.2294157338705616,-0.16012815380508702,-0.1758631145281652,-0.17586311452816475,-0.1601281538050872,-0.16012815380508685,-0.20412414523193173,-0.16012815380508724,-0.21707238158772652,-0.17586311452816497,-0.1601281538050872,-0.16012815380508708,-0.16012815380508708,-0.20412414523193181,-0.1758631145281651,-0.1601281538050869
-0.14285714285714296,-0.142857142857143,-1.0467291301391932,-0.28474739872574933,-0.26366402215232204,-0.4034732923929642,-0.17586311452816505,-0.4364357804719841,1.687054784573948,-0.24124895481858216,-0.3333333333333333,-0.1758631145281647,-0.17586311452816494,-0.1758631145281649,4.89897948556636,-0.2526455763199551,-0.19044534662683063,-0.2170723815877266,-0.43643578047198417,-0.25264557631995604,-0.20412414523193187,-0.16012815380508724,-0.1601281538050868,-0.34251778896020846,-0.27435163058436757,-0.2948839123097945,-0.21707238158772663,-0.16012815380508674,-0.17586311452816505,-0.2170723815877268,-0.16012815380508702,-0.1601281538050869,-0.1601281538050871,-0.16012815380508685,-0.26366402215232204,-0.16012815380508705,-0.2041241452319317,-0.16012815380508713,-0.17586311452816483,-0.2170723815877267,-0.17586311452816497,-0.2294157338705619,-0.25264557631995566,-0.16012815380508733,-0.17586311452816486,-0.19044534662683035,-0.2294157338705616,-0.16012815380508702,-0.1758631145281652,-0.17586311452816475,-0.1601281538050872,-0.16012815380508685,-0.20412414523193173,-0.16012815380508724,-0.21707238158772652,-0.17586311452816497,-0.1601281538050872,-0.16012815380508708,-0.16012815380508708,-0.20412414523193181,-0.1758631145281651,-0.1601281538050869
-0.14285714285714296,-0.142857142857143,-0.851902776705031,-0.28474739872574933,-0.26366402215232204,-0.4034732923929642,-0.17586311452816505,-0.4364357804719841,1.687054784573948,-0.24124895481858216,-0.3333333333333333,-0.1758631145281647,-0.17586311452816494,-0.1758631145281649,-0.20412414523193168,-0.2526455763199551,5.250850271282615,-0.2170723815877266,-0.43643578047198417,-0.25264557631995604,-0.20412414523193187,-0.16012815380508724,-0.1601281538050868,-0.34251778896020846,-0.27435163058436757,-0.2948839123097945,-0.21707238158772663,-0.16012815380508674,5.686240703077337,-0.2170723815877268,-0.16012815380508702,-0.1601281538050869,-0.1601281538050871,-0.16012815380508685,-0.26366402215232204,-0.16012815380508705,-0.2041241452319317,-0.16012815380508713,-0.17586311452816483,-0.2170723815877267,-0.17586311452816497,-0.2294157338705619,-0.25264557631995566,-0.16012815380508733,-0.17586311452816486,-0.19044534662683035,-0.2294157338705616,-0.16012815380508702,-0.1758631145281652,-0.17586311452816475,-0.1601281538050872,-0.16012815380508685,-0.20412414523193173,-0.16012815380508724,-0.21707238158772652,-0.17586311452816497,-0.1601281538050872,-0.16012815380508708,-0.16012815380508708,-0.20412414523193181,-0.1758631145281651,-0.1601281538050869
-0.14285714285714296,-0.142857142857143,-0.6148305413388314,-0.28474739872574933,-0.26366402215232204,-0.4034732923929642,-0.17586311452816505,-0.4364357804719841,1.687054784573948,-0.24124895481858216,-0.3333333333333333,-0.1758631145281647,-0.17586311452816494,-0.1758631145281649,-0.20412414523193168,-0.2526455763199551,-0.19044534662683063,-0.2170723815877266,2.291287847477917,-0.25264557631995604,-0.20412414523193187,-0.16012815380508724,-0.1601281538050868,-0.34251778896020846,-0.27435163058436757,-0.2948839123097945,-0.21707238158772663,-0.16012815380508674,-0.17586311452816505,-0.2170723815877268,-0.16012815380508702,-0.1601281538050869,-0.1601281538050871,-0.16012815380508685,-0.26366402215232204,-0.16012815380508705,-0.2041241452319317,-0.16012815380508713,-0.17586311452816483,-0.2170723815877267,-0.17586311452816497,-0.2294157338705619,-0.25264557631995566,-0.16012815380508733,-0.17586311452816486,5.250850271282608,-0.2294157338705616,-0.16012815380508702,-0.1758631145281652,-0.17586311452816475,-0.1601281538050872,-0.16012815380508685,-0.20412414523193173,-0.16012815380508724,-0.21707238158772652,-0.17586311452816497,-0.1601281538050872,-0.16012815380508708,-0.16012815380508708,-0.20412414523193181,-0.1758631145281651,-0.1601281538050869
-0.14285714285714296,-0.142857142857143,0.05620887428785032,-0.28474739872574933,-0.26366402215232204,-0.4034732923929642,-0.17586311452816505,-0.4364357804719841,1.687054784573948,-0.24124895481858216,-0.3333333333333333,-0.1758631145281647,-0.17586311452816494,-0.1758631145281649,4.89897948556636,-0.2526455763199551,-0.19044534662683063,-0.2170723815877266,-0.43643578047198417,-0.25264557631995604,-0.20412414523193187,-0.16012815380508724,-0.1601281538050868,-0.34251778896020846,-0.27435163058436757,-0.2948839123097945,-0.21707238158772663,-0.16012815380508674,-0.17586311452816505,-0.2170723815877268,-0.16012815380508702,-0.1601281538050869,-0.1601281538050871,6.244997998398387,-0.26366402215232204,-0.16012815380508705,-0.2041241452319317,-0.16012815380508713,-0.17586311452816483,-0.2170723815877267,-0.17586311452816497,-0.2294157338705619,-0.25264557631995566,-0.16012815380508733,-0.17586311452816486,-0.19044534662683035,4.35889894354067,-0.16012815380508702,-0.1758631145281652,-0.17586311452816475,-0.1601281538050872,-0.16012815380508685,-0.20412414523193173,-0.16012815380508724,-0.21707238158772652,-0.17586311452816497,-0.1601281538050872,-0.16012815380508708,-0.16012815380508708,-0.20412414523193181,-0.1758631145281651,-0.1601281538050869
-0.14285714285714296,-0.142857142857143,0.16459141276176747,3.511884584284242,-0.26366402215232204,-0.4034732923929642,-0.17586311452816505,-0.4364357804719841,-0.5927489783638196,-0.24124895481858216,-0.3333333333333333,-0.1758631145281647,-0.17586311452816494,-0.1758631145281649,-0.20412414523193168,-0.2526455763199551,-0.19044534662683063,-0.2170723815877266,-0.43643578047198417,-0.25264557631995604,4.898979485566365,-0.16012815380508724,-0.1601281538050868,-0.34251778896020846,-0.27435163058436757,-0.2948839123097945,-0.21707238158772663,-0.16012815380508674,-0.17586311452816505,4.606758320361757,-0.16012815380508702,-0.1601281538050869,-0.1601281538050871,-0.16012815380508685,-0.26366402215232204,-0.16012815380508705,-0.2041241452319317,-0.16012815380508713,-0.17586311452816483,-0.2170723815877267,-0.17586311452816497,-0.2294157338705619,-0.25264557631995566,-0.16012815380508733,-0.17586311452816486,-0.19044534662683035,-0.2294157338705616,-0.16012815380508702,-0.1758631145281652,-0.17586311452816475,-0.1601281538050872,-0.16012815380508685,-0.20412414523193173,-0.16012815380508724,-0.21707238158772652,-0.17586311452816497,-0.1601281538050872,-0.16012815380508708,-0.16012815380508708,-0.20412414523193181,-0.1758631145281651,-0.1601281538050869
-0.14285714285714296,-0.142857142857143,0.4899429738204316,-0.28474739872574933,3.792705549421863,-0.4034732923929642,-0.17586311452816505,-0.4364357804719841,-0.5927489783638196,-0.24124895481858216,-0.3333333333333333,5.686240703077325,-0.17586311452816494,-0.1758631145281649,-0.20412414523193168,-0.2526455763199551,-0.19044534662683063,-0.2170723815877266,-0.43643578047198417,-0.25264557631995604,-0.20412414523193187,-0.16012815380508724,-0.1601281538050868,-0.34251778896020846,-0.27435163058436757,-0.2948839123097945,-0.21707238158772663,-0.16012815380508674,-0.17586311452816505,-0.2170723815877268,-0.16012815380508702,-0.1601281538050869,-0.1601281538050871,-0.16012815380508685,-0.26366402215232204,-0.16012815380508705,-0.2041241452319317,-0.16012815380508713,-0.17586311452816483,-0.2170723815877267,5.686240703077335,-0.2294157338705619,-0.25264557631995566,-0.16012815380508733,-0.17586311452816486,-0.19044534662683035,-0.2294157338705616,-0.16012815380508702,-0.1758631145281652,-0.17586311452816475,-0.1601281538050872,-0.16012815380508685,4.898979485566361,-0.16012815380508724,-0.21707238158772652,-0.17586311452816497,-0.1601281538050872,-0.16012815380508708,-0.16012815380508708,4.898979485566364,-0.1758631145281651,-0.1601281538050869
-0.14285714285714296,-0.142857142857143,0.15523904855474385,-0.28474739872574933,-0.26366402215232204,2.478478796128208,-0.17586311452816505,-0.4364357804719841,1.687054784573948,-0.24124895481858216,-0.3333333333333333,-0.1758631145281647,-0.17586311452816494,-0.1758631145281649,-0.20412414523193168,-0.2526455763199551,-0.19044534662683063,-0.2170723815877266,-0.43643578047198417,-0.25264557631995604,-0.20412414523193187,-0.16012815380508724,-0.1601281538050868,-0.34251778896020846,-0.27435163058436757,-0.2948839123097945,-0.21707238158772663,-0.16012815380508674,-0.17586311452816505,-0.2170723815877268,-0.16012815380508702,-0.1601281538050869,-0.1601281538050871,-0.16012815380508685,-0.26366402215232204,-0.16012815380508705,-0.2041241452319317,6.244997998398398,-0.17586311452816483,-0.2170723815877267,-0.17586311452816497,-0.2294157338705619,-0.25264557631995566,-0.16012815380508733,5.68624070307733,5.250850271282608,4.35889894354067,-0.16012815380508702,-0.1758631145281652,-0.17586311452816475,-0.1601281538050872,-0.16012815380508685,-0.20412414523193173,-0.16012815380508724,-0.21707238158772652,-0.17586311452816497,-0.1601281538050872,-0.16012815380508708,-0.16012815380508708,-0.20412414523193181,-0.1758631145281651,-0.1601281538050869
-0.14285714285714296,-0.142857142857143,0.25167619972373995,-0.28474739872574933,-0.26366402215232204,2.478478796128208,-0.17586311452816505,-0.4364357804719841,-0.5927489783638196,-0.24124895481858216,-0.3333333333333333,-0.1758631145281647,-0.17586311452816494,-0.1758631145281649,-0.20412414523193168,-0.2526455763199551,-0.19044534662683063,-0.2170723815877266,-0.43643578047198417,-0.25264557631995604,-0.20412414523193187,-0.16012815380508724,-0.1601281538050868,-0.34251778896020846,-0.27435163058436757,-0.2948839123097945,-0.21707238158772663,-0.16012815380508674,-0.17586311452816505,-0.2170723815877268,-0.16012815380508702,-0.1601281538050869,-0.1601281538050871,-0.16012815380508685,-0.26366402215232204,-0.16012815380508705,-0.2041241452319317,-0.16012815380508713,-0.17586311452816483,-0.2170723815877267,-0.17586311452816497,-0.2294157338705619,-0.25264557631995566,-0.16012815380508733,-0.17586311452816486,-0.19044534662683035,-0.2294157338705616,-0.16012815380508702,-0.1758631145281652,-0.17586311452816475,-0.1601281538050872,-0.16012815380508685,-0.20412414523193173,-0.16012815380508724,-0.21707238158772652,-0.17586311452816497,-0.1601281538050872,-0.16012815380508708,-0.16012815380508708,-0.20412414523193181,-0.1758631145281651,-0.1601281538050869
-0.14285714285714296,-0.142857142857143,0.09533730148421346,-0.28474739872574933,-0.26366402215232204,-0.4034732923929642,-0.17586311452816505,2.2912878474779164,-0.5927489783638196,-0.24124895481858216,-0.3333333333333333,-0.1758631145281647,-0.17586311452816494,-0.1758631145281649,-0.20412414523193168,-0.2526455763199551,-0.19044534662683063,-0.2170723815877266,-0.43643578047198417,-0.25264557631995604,-0.20412414523193187,-0.16012815380508724,-0.1601281538050868,-0.34251778896020846,-0.27435163058436757,-0.2948839123097945,-0.21707238158772663,-0.16012815380508674,-0.17586311452816505,4.606758320361757,-0.16012815380508702,-0.1601281538050869,-0.1601281538050871,-0.16012815380508685,-0.26366402215232204,-0.16012815380508705,-0.2041241452319317,6.244997998398398,-0.17586311452816483,-0.2170723815877267,-0.17586311452816497,-0.2294157338705619,-0.25264557631995566,-0.16012815380508733,-0.17586311452816486,-0.19044534662683035,-0.2294157338705616,-0.16012815380508702,-0.1758631145281652,-0.17586311452816475,-0.1601281538050872,-0.16012815380508685,-0.20412414523193173,-0.16012815380508724,-0.21707238158772652,-0.17586311452816497,-0.1601281538050872,-0.16012815380508708,-0.16012815380508708,-0.20412414523193181,-0.1758631145281651,-0.1601281538050869
-0.14285714285714296,-0.142857142857143,-0.504903843042571,3.511884584284242,-0.26366402215232204,-0.4034732923929642,-0.17586311452816505,-0.4364357804719841,-0.5927489783638196,-0.24124895481858216,-0.3333333333333333,-0.1758631145281647,5.686240703077334,-0.1758631145281649,-0.20412414523193168,-0.2526455763199551,-0.19044534662683063,-0.2170723815877266,2.291287847477917,-0.25264557631995604,-0.20412414523193187,-0.16012815380508724,-0.1601281538050868,-0.34251778896020846,-0.27435163058436757,-0.2948839123097945,-0.21707238158772663,-0.16012815380508674,-0.17586311452816505,-0.2170723815877268,-0.16012815380508702,-0.1601281538050869,-0.1601281538050871,-0.16012815380508685,-0.26366402215232204,-0.16012815380508705,-0.2041241452319317,-0.16012815380508713,-0.17586311452816483,-0.2170723815877267,-0.17586311452816497,-0.2294157338705619,-0.25264557631995566,-0.16012815380508733,-0.17586311452816486,-0.19044534662683035,-0.2294157338705616,6.244997998398394,-0.1758631145281652,-0.17586311452816475,-0.1601281538050872,-0.16012815380508685,-0.20412414523193173,-0.16012815380508724,-0.21707238158772652,-0.17586311452816497,-0.1601281538050872,-0.16012815380508708,-0.16012815380508708,-0.20412414523193181,-0.1758631145281651,-0.1601281538050869
-0.14285714285714296,-0.142857142857143,0.1649118987626311,-0.28474739872574933,-0.26366402215232204,-0.4034732923929642,-0.17586311452816505,-0.4364357804719841,-0.5927489783638196,-0.24124895481858216,-0.3333333333333333,-0.1758631145281647,-0.17586311452816494,-0.1758631145281649,-0.20412414523193168,-0.2526455763199551,-0.19044534662683063,-0.2170723815877266,-0.43643578047198417,-0.25264557631995604,-0.20412414523193187,-0.16012815380508724,-0.1601281538050868,-0.34251778896020846,-0.27435163058436757,-0.2948839123097945,-0.21707238158772663,-0.16012815380508674,-0.17586311452816505,-0.2170723815877268,-0.16012815380508702,-0.1601281538050869,-0.1601281538050871,-0.16012815380508685,-0.26366402215232204,-0.16012815380508705,-0.2041241452319317,-0.16012815380508713,5.686240703077329,-0.2170723815877267,-0.17586311452816497,-0.2294157338705619,-0.25264557631995566,-0.16012815380508733,-0.17586311452816486,-0.19044534662683035,-0.2294157338705616,-0.16012815380508702,-0.1758631145281652,-0.17586311452816475,-0.1601281538050872,-0.16012815380508685,-0.20412414523193173,-0.16012815380508724,-0.21707238158772652,-0.17586311452816497,-0.1601281538050872,-0.16012815380508708,-0.16012815380508708,-0.20412414523193181,-0.1758631145281651,-0.1601281538050869
-0.14285714285714296,-0.142857142857143,2.574238247983214,-0.28474739872574933,-0.26366402215232204,-0.4034732923929642,-0.17586311452816505,2.2912878474779164,-0.5927489783638196,-0.24124895481858216,-0.3333333333333333,-0.1758631145281647,-0.17586311452816494,-0.1758631145281649,-0.20412414523193168,-0.2526455763199551,-0.19044534662683063,-0.2170723815877266,-0.43643578047198417,-0.25264557631995604,-0.20412414523193187,-0.16012815380508724,-0.1601281538050868,-0.34251778896020846,-0.27435163058436757,-0.2948839123097945,-0.21707238158772663,-0.16012815380508674,-0.17586311452816505,-0.2170723815877268,-0.16012815380508702,-0.1601281538050869,-0.1601281538050871,-0.16012815380508685,-0.26366402215232204,-0.16012815380508705,-0.2041241452319317,-0.16012815380508713,-0.17586311452816483,-0.2170723815877267,-0.17586311452816497,-0.2294157338705619,-0.25264557631995566,-0.16012815380508733,-0.17586311452816486,-0.19044534662683035,-0.2294157338705616,-0.16012815380508702,-0.1758631145281652,-0.17586311452816475,-0.1601281538050872,6.244997998398387,-0.20412414523193173,-0.16012815380508724,-0.21707238158772652,-0.17586311452816497,-0.1601281538050872,-0.16012815380508708,-0.16012815380508708,-0.20412414523193181,5.686240703077339,-0.1601281538050869
-0.14285714285714296,-0.142857142857143,-0.7147639034263409,-0.28474739872574933,-0.26366402215232204,-0.4034732923929642,-0.17586311452816505,2.2912878474779164,-0.5927489783638196,-0.24124895481858216,-0.3333333333333333,-0.1758631145281647,-0.17586311452816494,-0.1758631145281649,-0.20412414523193168,-0.2526455763199551,-0.19044534662683063,-0.2170723815877266,-0.43643578047198417,-0.25264557631995604,-0.20412414523193187,-0.16012815380508724,-0.1601281538050868,-0.34251778896020846,-0.27435163058436757,-0.2948839123097945,-0.21707238158772663,-0.16012815380508674,-0.17586311452816505,-0.2170723815877268,-0.16012815380508702,-0.1601281538050869,-0.1601281538050871,-0.16012815380508685,-0.26366402215232204,-0.16012815380508705,-0.2041241452319317,-0.16012815380508713,-0.17586311452816483,-0.2170723815877267,-0.17586311452816497,-0.2294157338705619,-0.25264557631995566,-0.16012815380508733,-0.17586311452816486,-0.19044534662683035,-0.2294157338705616,-0.16012815380508702,-0.1758631145281652,-0.17586311452816475,-0.1601281538050872,-0.16012815380508685,-0.20412414523193173,-0.16012815380508724,-0.21707238158772652,-0.17586311452816497,-0.1601281538050872,-0.16012815380508708,-0.16012815380508708,-0.20412414523193181,-0.1758631145281651,-0.1601281538050869
-0.14285714285714296,-0.142857142857143,-0.9296934696419553,-0.28474739872574933,-0.26366402215232204,-0.4034732923929642,-0.17586311452816505,-0.4364357804719841,-0.5927489783638196,-0.24124895481858216,-0.3333333333333333,-0.1758631145281647,-0.17586311452816494,-0.1758631145281649,-0.20412414523193168,-0.2526455763199551,-0.19044534662683063,-0.2170723815877266,2.291287847477917,-0.25264557631995604,-0.20412414523193187,-0.16012815380508724,-0.1601281538050868,-0.34251778896020846,-0.27435163058436757,-0.2948839123097945,-0.21707238158772663,-0.16012815380508674,-0.17586311452816505,-0.2170723815877268,-0.16012815380508702,-0.1601281538050869,-0.1601281538050871,-0.16012815380508685,-0.26366402215232204,-0.16012815380508705,-0.2041241452319317,-0.16012815380508713,-0.17586311452816483,-0.2170723815877267,-0.17586311452816497,4.358898943540676,-0.25264557631995566,-0.16012815380508733,-0.17586311452816486,-0.19044534662683035,-0.2294157338705616,-0.16012815380508702,-0.1758631145281652,-0.17586311452816475,-0.1601281538050872,-0.16012815380508685,-0.20412414523193173,-0.16012815380508724,-0.21707238158772652,-0.17586311452816497,-0.1601281538050872,-0.16012815380508708,-0.16012815380508708,-0.20412414523193181,-0.1758631145281651,-0.1601281538050869
-0.14285714285714296,-0.142857142857143,-0.2259644819271727,-0.28474739872574933,3.792705549421863,-0.4034732923929642,-0.17586311452816505,-0.4364357804719841,1.687054784573948,-0.24124895481858216,-0.3333333333333333,-0.1758631145281647,-0.17586311452816494,-0.1758631145281649,-0.20412414523193168,-0.2526455763199551,-0.19044534662683063,-0.2170723815877266,-0.43643578047198417,-0.25264557631995604,-0.20412414523193187,-0.16012815380508724,-0.1601281538050868,2.919556391613206,-0.27435163058436757,-0.2948839123097945,4.606758320361754,-0.16012815380508674,-0.17586311452816505,-0.2170723815877268,-0.16012815380508702,-0.1601281538050869,6.2449979983983965,6.244997998398387,-0.26366402215232204,-0.16012815380508705,-0.2041241452319317,-0.16012815380508713,-0.17586311452816483,-0.2170723815877267,-0.17586311452816497,-0.2294157338705619,-0.25264557631995566,6.244997998398405,5.68624070307733,5.250850271282608,-0.2294157338705616,-0.16012815380508702,-0.1758631145281652,-0.17586311452816475,-0.1601281538050872,-0.16012815380508685,-0.20412414523193173,-0.16012815380508724,-0.21707238158772652,-0.17586311452816497,-0.1601281538050872,-0.16012815380508708,-0.16012815380508708,4.898979485566364,-0.1758631145281651,-0.1601281538050869
-0.14285714285714296,-0.142857142857143,-0.09147690192835527,-0.28474739872574933,-0.26366402215232204,2.478478796128208,-0.17586311452816505,-0.4364357804719841,-0.5927489783638196,-0.24124895481858216,-0.3333333333333333,-0.1758631145281647,-0.17586311452816494,-0.1758631145281649,-0.20412414523193168,-0.2526455763199551,-0.19044534662683063,-0.2170723815877266,-0.43643578047198417,-0.25264557631995604,-0.20412414523193187,-0.16012815380508724,-0.1601281538050868,-0.34251778896020846,-0.27435163058436757,-0.2948839123097945,-0.21707238158772663,-0.16012815380508674,-0.17586311452816505,-0.2170723815877268,-0.16012815380508702,-0.1601281538050869,-0.1601281538050871,-0.16012815380508685,-0.26366402215232204,-0.16012815380508705,-0.2041241452319317,-0.16012815380508713,-0.17586311452816483,4.606758320361756,5.686240703077335,4.358898943540676,3.9581140290126386,-0.16012815380508733,-0.17586311452816486,-0.19044534662683035,-0.2294157338705616,-0.16012815380508702,-0.1758631145281652,-0.17586311452816475,-0.1601281538050872,-0.16012815380508685,-0.20412414523193173,-0.16012815380508724,-0.21707238158772652,-0.17586311452816497,-0.1601281538050872,-0.16012815380508708,-0.16012815380508708,-0.20412414523193181,-0.1758631145281651,-0.1601281538050869
-0.14285714285714296,-0.142857142857143,-0.9229341285328294,-0.28474739872574933,-0.26366402215232204,2.478478796128208,-0.17586311452816505,-0.4364357804719841,1.687054784573948,-0.24124895481858216,-0.3333333333333333,-0.1758631145281647,-0.17586311452816494,-0.1758631145281649,-0.20412414523193168,-0.2526455763199551,-0.19044534662683063,-0.2170723815877266,-0.43643578047198417,-0.25264557631995604,-0.20412414523193187,-0.16012815380508724,-0.1601281538050868,2.919556391613206,3.6449573777637396,3.391164991562637,-0.21707238158772663,-0.16012815380508674,-0.17586311452816505,-0.2170723815877268,-0.16012815380508702,-0.1601281538050869,-0.1601281538050871,6.244997998398387,-0.26366402215232204,-0.16012815380508705,-0.2041241452319317,-0.16012815380508713,-0.17586311452816483,-0.2170723815877267,-0.17586311452816497,-0.2294157338705619,3.9581140290126386,-0.16012815380508733,-0.17586311452816486,-0.19044534662683035,-0.2294157338705616,-0.16012815380508702,-0.1758631145281652,-0.17586311452816475,-0.1601281538050872,-0.16012815380508685,-0.20412414523193173,-0.16012815380508724,-0.21707238158772652,-0.17586311452816497,-0.1601281538050872,-0.16012815380508708,-0.16012815380508708,-0.20412414523193181,-0.1758631145281651,-0.1601281538050869
-0.14285714285714296,-0.142857142857143,-0.6675359209354217,-0.28474739872574933,-0.26366402215232204,-0.4034732923929642,-0.17586311452816505,-0.4364357804719841,-0.5927489783638196,-0.24124895481858216,-0.3333333333333333,-0.1758631145281647,-0.17586311452816494,-0.1758631145281649,-0.20412414523193168,-0.2526455763199551,-0.19044534662683063,-0.2170723815877266,-0.43643578047198417,-0.25264557631995604,-0.20412414523193187,-0.16012815380508724,-0.1601281538050868,-0.34251778896020846,-0.27435163058436757,-0.2948839123097945,-0.21707238158772663,-0.16012815380508674,-0.17586311452816505,-0.2170723815877268,-0.16012815380508702,-0.1601281538050869,-0.1601281538050871,-0.16012815380508685,-0.26366402215232204,-0.16012815380508705,-0.2041241452319317,-0.16012815380508713,-0.17586311452816483,-0.2170723815877267,-0.17586311452816497,4.358898943540676,-0.25264557631995566,-0.16012815380508733,-0.17586311452816486,-0.19044534662683035,-0.2294157338705616,-0.16012815380508702,-0.1758631145281652,-0.17586311452816475,-0.1601281538050872,-0.16012815380508685,-0.20412414523193173,-0.16012815380508724,-0.21707238158772652,-0.17586311452816497,-0.1601281538050872,-0.16012815380508708,-0.16012815380508708,-0.20412414523193181,-0.1758631145281651,-0.1601281538050869
-0.14285714285714296,-0.142857142857143,-0.8266135177277838,-0.28474739872574933,-0.26366402215232204,-0.4034732923929642,-0.17586311452816505,-0.4364357804719841,1.687054784573948,-0.24124895481858216,-0.3333333333333333,-0.1758631145281647,-0.17586311452816494,-0.1758631145281649,-0.20412414523193168,-0.2526455763199551,-0.19044534662683063,-0.2170723815877266,-0.43643578047198417,-0.25264557631995604,-0.20412414523193187,-0.16012815380508724,-0.1601281538050868,-0.34251778896020846,-0.27435163058436757,-0.2948839123097945,-0.21707238158772663,-0.16012815380508674,-0.17586311452816505,-0.2170723815877268,-0.16012815380508702,-0.1601281538050869,-0.1601281538050871,-0.16012815380508685,3.792705549421863,-0.16012815380508705,-0.2041241452319317,-0.16012815380508713,-0.17586311452816483,-0.2170723815877267,5.686240703077335,-0.2294157338705619,-0.25264557631995566,-0.16012815380508733,-0.17586311452816486,-0.19044534662683035,-0.2294157338705616,-0.16012815380508702,-0.1758631145281652,-0.17586311452816475,-0.1601281538050872,-0.16012815380508685,-0.20412414523193173,-0.16012815380508724,-0.21707238158772652,-0.17586311452816497,-0.1601281538050872,-0.16012815380508708,-0.16012815380508708,-0.20412414523193181,-0.1758631145281651,-0.1601281538050869
-0.14285714285714296,-0.142857142857143,0.0007065259564494476,-0.28474739872574933,-0.26366402215232204,-0.4034732923929642,-0.17586311452816505,-0.4364357804719841,-0.5927489783638196,-0.24124895481858216,-0.3333333333333333,-0.1758631145281647,-0.17586311452816494,-0.1758631145281649,-0.20412414523193168,-0.2526455763199551,-0.19044534662683063,-0.2170723815877266,-0.43643578047198417,-0.25264557631995604,-0.20412414523193187,-0.16012815380508724,-0.1601281538050868,2.919556391613206,3.6449573777637396,3.391164991562637,-0.21707238158772663,-0.16012815380508674,-0.17586311452816505,-0.2170723815877268,-0.16012815380508702,-0.1601281538050869,-0.1601281538050871,-0.16012815380508685,-0.26366402215232204,-0.16012815380508705,-0.2041241452319317,-0.16012815380508713,-0.17586311452816483,-0.2170723815877267,-0.17586311452816497,-0.2294157338705619,-0.25264557631995566,6.244997998398405,-0.17586311452816486,-0.19044534662683035,-0.2294157338705616,6.244997998398394,-0.1758631145281652,-0.17586311452816475,-0.1601281538050872,-0.16012815380508685,-0.20412414523193173,-0.16012815380508724,-0.21707238158772652,-0.17586311452816497,-0.1601281538050872,-0.16012815380508708,-0.16012815380508708,-0.20412414523193181,-0.1758631145281651,-0.1601281538050869
-0.14285714285714296,-0.142857142857143,-1.0038131411144404,-0.28474739872574933,-0.26366402215232204,-0.4034732923929642,-0.17586311452816505,-0.4364357804719841,-0.5927489783638196,-0.24124895481858216,-0.3333333333333333,-0.1758631145281647,5.686240703077334,-0.1758631145281649,-0.20412414523193168,-0.2526455763199551,-0.19044534662683063,-0.2170723815877266,2.291287847477917,-0.25264557631995604,-0.20412414523193187,-0.16012815380508724,-0.1601281538050868,-0.34251778896020846,-0.27435163058436757,-0.2948839123097945,-0.21707238158772663,-0.16012815380508674,-0.17586311452816505,-0.2170723815877268,-0.16012815380508702,-0.1601281538050869,-0.1601281538050871,-0.16012815380508685,-0.26366402215232204,-0.16012815380508705,-0.2041241452319317,-0.16012815380508713,-0.17586311452816483,-0.2170723815877267,-0.17586311452816497,-0.2294157338705619,-0.25264557631995566,-0.16012815380508733,-0.17586311452816486,-0.19044534662683035,-0.2294157338705616,-0.16012815380508702,-0.1758631145281652,-0.17586311452816475,-0.1601281538050872,-0.16012815380508685,-0.20412414523193173,-0.16012815380508724,-0.21707238158772652,-0.17586311452816497,-0.1601281538050872,-0.16012815380508708,6.244997998398396,-0.20412414523193181,-0.1758631145281651,-0.1601281538050869
-0.14285714285714296,-0.142857142857143,-0.047249833809160084,-0.28474739872574933,-0.26366402215232204,-0.4034732923929642,-0.17586311452816505,-0.4364357804719841,-0.5927489783638196,-0.24124895481858216,-0.3333333333333333,-0.1758631145281647,-0.17586311452816494,-0.1758631145281649,-0.20412414523193168,-0.2526455763199551,-0.19044534662683063,-0.2170723815877266,-0.43643578047198417,-0.25264557631995604,-0.20412414523193187,-0.16012815380508724,-0.1601281538050868,-0.34251778896020846,-0.27435163058436757,-0.2948839123097945,-0.21707238158772663,-0.16012815380508674,-0.17586311452816505,-0.2170723815877268,-0.16012815380508702,-0.1601281538050869,-0.1601281538050871,-0.16012815380508685,-0.26366402215232204,-0.16012815380508705,-0.2041241452319317,-0.16012815380508713,-0.17586311452816483,-0.2170723815877267,-0.17586311452816497,-0.2294157338705619,-0.25264557631995566,-0.16012815380508733,-0.17586311452816486,-0.19044534662683035,-0.2294157338705616,-0.16012815380508702,-0.1758631145281652,-0.17586311452816475,-0.1601281538050872,-0.16012815380508685,-0.20412414523193173,-0.16012815380508724,-0.21707238158772652,-0.17586311452816497,-0.1601281538050872,-0.16012815380508708,-0.16012815380508708,-0.20412414523193181,-0.1758631145281651,-0.1601281538050869
-0.14285714285714296,-0.142857142857143,-0.1943820432966013,-0.28474739872574933,-0.26366402215232204,-0.4034732923929642,-0.17586311452816505,-0.4364357804719841,-0.5927489783638196,-0.24124895481858216,-0.3333333333333333,-0.1758631145281647,-0.17586311452816494,-0.1758631145281649,-0.20412414523193168,-0.2526455763199551,-0.19044534662683063,-0.2170723815877266,2.291287847477917,-0.25264557631995604,-0.20412414523193187,-0.16012815380508724,-0.1601281538050868,-0.34251778896020846,-0.27435163058436757,-0.2948839123097945,-0.21707238158772663,-0.16012815380508674,-0.17586311452816505,-0.2170723815877268,-0.16012815380508702,-0.1601281538050869,-0.1601281538050871,-0.16012815380508685,-0.26366402215232204,-0.16012815380508705,-0.2041241452319317,-0.16012815380508713,-0.17586311452816483,-0.2170723815877267,-0.17586311452816497,-0.2294157338705619,-0.25264557631995566,-0.16012815380508733,-0.17586311452816486,-0.19044534662683035,-0.2294157338705616,-0.16012815380508702,-0.1758631145281652,-0.17586311452816475,-0.1601281538050872,-0.16012815380508685,-0.20412414523193173,-0.16012815380508724,-0.21707238158772652,-0.17586311452816497,-0.1601281538050872,-0.16012815380508708,-0.16012815380508708,-0.20412414523193181,-0.1758631145281651,-0.1601281538050869
-0.14285714285714296,-0.142857142857143,-0.851757101250093,-0.28474739872574933,-0.26366402215232204,2.478478796128208,-0.17586311452816505,-0.4364357804719841,1.687054784573948,-0.24124895481858216,-0.3333333333333333,-0.1758631145281647,-0.17586311452816494,-0.1758631145281649,-0.20412414523193168,-0.2526455763199551,-0.19044534662683063,-0.2170723815877266,2.291287847477917,-0.25264557631995604,-0.20412414523193187,-0.16012815380508724,-0.1601281538050868,2.919556391613206,-0.27435163058436757,3.391164991562637,-0.21707238158772663,-0.16012815380508674,-0.17586311452816505,-0.2170723815877268,-0.16012815380508702,-0.1601281538050869,-0.1601281538050871,-0.16012815380508685,3.792705549421863,-0.16012815380508705,-0.2041241452319317,-0.16012815380508713,-0.17586311452816483,-0.2170723815877267,-0.17586311452816497,-0.2294157338705619,3.9581140290126386,-0.16012815380508733,-0.17586311452816486,-0.19044534662683035,-0.2294157338705616,-0.16012815380508702,-0.1758631145281652,-0.17586311452816475,-0.1601281538050872,-0.16012815380508685,-0.20412414523193173,-0.16012815380508724,-0.21707238158772652,-0.17586311452816497,-0.1601281538050872,-0.16012815380508708,6.244997998398396,-0.20412414523193181,-0.1758631145281651,-0.1601281538050869
-0.14285714285714296,-0.142857142857143,-0.6727219671312167,-0.28474739872574933,-0.26366402215232204,-0.4034732923929642,-0.17586311452816505,-0.4364357804719841,-0.5927489783638196,-0.24124895481858216,-0.3333333333333333,-0.1758631145281647,-0.17586311452816494,-0.1758631145281649,-0.20412414523193168,-0.2526455763199551,-0.19044534662683063,-0.2170723815877266,2.291287847477917,-0.25264557631995604,-0.20412414523193187,-0.16012815380508724,-0.1601281538050868,-0.34251778896020846,-0.27435163058436757,-0.2948839123097945,-0.21707238158772663,-0.16012815380508674,-0.17586311452816505,-0.2170723815877268,-0.16012815380508702,-0.1601281538050869,-0.1601281538050871,-0.16012815380508685,-0.26366402215232204,-0.16012815380508705,-0.2041241452319317,-0.16012815380508713,-0.17586311452816483,-0.2170723815877267,-0.17586311452816497,4.358898943540676,-0.25264557631995566,-0.16012815380508733,-0.17586311452816486,-0.19044534662683035,-0.2294157338705616,-0.16012815380508702,-0.1758631145281652,-0.17586311452816475,-0.1601281538050872,-0.16012815380508685,-0.20412414523193173,-0.16012815380508724,-0.21707238158772652,-0.17586311452816497,-0.1601281538050872,-0.16012815380508708,6.244997998398396,-0.20412414523193181,-0.1758631145281651,-0.1601281538050869
-0.14285714285714296,-0.142857142857143,0.6377744254915754,-0.28474739872574933,-0.26366402215232204,-0.4034732923929642,-0.17586311452816505,-0.4364357804719841,-0.5927489783638196,-0.24124895481858216,-0.3333333333333333,-0.1758631145281647,-0.17586311452816494,-0.1758631145281649,-0.20412414523193168,-0.2526455763199551,-0.19044534662683063,-0.2170723815877266,-0.43643578047198417,-0.25264557631995604,-0.20412414523193187,-0.16012815380508724,-0.1601281538050868,-0.34251778896020846,-0.27435163058436757,-0.2948839123097945,-0.21707238158772663,6.244997998398382,5.686240703077337,-0.2170723815877268,-0.16012815380508702,-0.1601281538050869,-0.1601281538050871,-0.16012815380508685,-0.26366402215232204,-0.16012815380508705,-0.2041241452319317,-0.16012815380508713,-0.17586311452816483,-0.2170723815877267,-0.17586311452816497,-0.2294157338705619,-0.25264557631995566,-0.16012815380508733,-0.17586311452816486,-0.19044534662683035,-0.2294157338705616,-0.16012815380508702,-0.1758631145281652,5.686240703077327,-0.1601281538050872,-0.16012815380508685,-0.20412414523193173,-0.16012815380508724,-0.21707238158772652,-0.17586311452816497,-0.1601281538050872,-0.16012815380508708,-0.16012815380508708,-0.20412414523193181,-0.1758631145281651,-0.1601281538050869
-0.14285714285714296,-0.142857142857143,-0.943620043134034,-0.28474739872574933,-0.26366402215232204,-0.4034732923929642,-0.17586311452816505,-0.4364357804719841,1.687054784573948,-0.24124895481858216,-0.3333333333333333,-0.1758631145281647,-0.17586311452816494,-0.1758631145281649,-0.20412414523193168,-0.2526455763199551,-0.19044534662683063,-0.2170723815877266,2.291287847477917,-0.25264557631995604,-0.20412414523193187,-0.16012815380508724,-0.1601281538050868,2.919556391613206,-0.27435163058436757,-0.2948839123097945,-0.21707238158772663,-0.16012815380508674,-0.17586311452816505,-0.2170723815877268,-0.16012815380508702,-0.1601281538050869,-0.1601281538050871,-0.16012815380508685,-0.26366402215232204,-0.16012815380508705,-0.2041241452319317,-0.16012815380508713,-0.17586311452816483,-0.2170723815877267,-0.17586311452816497,-0.2294157338705619,3.9581140290126386,-0.16012815380508733,-0.17586311452816486,-0.19044534662683035,-0.2294157338705616,-0.16012815380508702,-0.1758631145281652,-0.17586311452816475,-0.1601281538050872,-0.16012815380508685,-0.20412414523193173,-0.16012815380508724,-0.21707238158772652,-0.17586311452816497,-0.1601281538050872,-0.16012815380508708,-0.16012815380508708,-0.20412414523193181,-0.1758631145281651,-0.1601281538050869
-0.14285714285714296,-0.142857142857143,-0.8942360639100315,-0.28474739872574933,-0.26366402215232204,-0.4034732923929642,-0.17586311452816505,-0.4364357804719841,-0.5927489783638196,-0.24124895481858216,-0.3333333333333333,-0.1758631145281647,5.686240703077334,-0.1758631145281649,-0.20412414523193168,-0.2526455763199551,-0.19044534662683063,-0.2170723815877266,2.291287847477917,-0.25264557631995604,-0.20412414523193187,-0.16012815380508724,-0.1601281538050868,-0.34251778896020846,-0.27435163058436757,-0.2948839123097945,-0.21707238158772663,-0.16012815380508674,-0.17586311452816505,-0.2170723815877268,-0.16012815380508702,-0.1601281538050869,-0.1601281538050871,-0.16012815380508685,-0.26366402215232204,-0.16012815380508705,-0.2041241452319317,-0.16012815380508713,-0.17586311452816483,-0.2170723815877267,-0.17586311452816497,-0.2294157338705619,-0.25264557631995566,-0.16012815380508733,-0.17586311452816486,-0.19044534662683035,-0.2294157338705616,-0.16012815380508702,-0.1758631145281652,-0.17586311452816475,-0.1601281538050872,-0.16012815380508685,-0.20412414523193173,-0.16012815380508724,-0.21707238158772652,-0.17586311452816497,-0.1601281538050872,-0.16012815380508708,-0.16012815380508708,-0.20412414523193181,-0.1758631145281651,-0.1601281538050869
-0.14285714285714296,-0.142857142857143,-0.9893621359845848,-0.28474739872574933,-0.26366402215232204,-0.4034732923929642,-0.17586311452816505,-0.4364357804719841,-0.5927489783638196,-0.24124895481858216,2.9999999999999996,-0.1758631145281647,-0.17586311452816494,-0.1758631145281649,-0.20412414523193168,-0.2526455763199551,-0.19044534662683063,4.606758320361753,-0.43643578047198417,-0.25264557631995604,-0.20412414523193187,-0.16012815380508724,-0.1601281538050868,-0.34251778896020846,-0.27435163058436757,-0.2948839123097945,-0.21707238158772663,-0.16012815380508674,-0.17586311452816505,-0.2170723815877268,-0.16012815380508702,-0.1601281538050869,-0.1601281538050871,-0.16012815380508685,3.792705549421863,-0.16012815380508705,-0.2041241452319317,-0.16012815380508713,-0.17586311452816483,-0.2170723815877267,-0.17586311452816497,-0.2294157338705619,-0.25264557631995566,-0.16012815380508733,-0.17586311452816486,-0.19044534662683035,-0.2294157338705616,6.244997998398394,-0.1758631145281652,-0.17586311452816475,-0.1601281538050872,-0.16012815380508685,-0.20412414523193173,-0.16012815380508724,-0.21707238158772652,-0.17586311452816497,-0.1601281538050872,-0.16012815380508708,-0.16012815380508708,-0.20412414523193181,-0.1758631145281651,-0.1601281538050869
-0.14285714285714296,-0.142857142857143,0.6666181655693115,-0.28474739872574933,-0.26366402215232204,-0.4034732923929642,-0.17586311452816505,-0.4364357804719841,1.687054784573948,-0.24124895481858216,2.9999999999999996,-0.1758631145281647,-0.17586311452816494,-0.1758631145281649,-0.20412414523193168,-0.2526455763199551,-0.19044534662683063,-0.2170723815877266,-0.43643578047198417,-0.25264557631995604,-0.20412414523193187,-0.16012815380508724,-0.1601281538050868,-0.34251778896020846,-0.27435163058436757,-0.2948839123097945,-0.21707238158772663,-0.16012815380508674,-0.17586311452816505,-0.2170723815877268,-0.16012815380508702,-0.1601281538050869,-0.1601281538050871,-0.16012815380508685,-0.26366402215232204,6.244997998398395,-0.2041241452319317,-0.16012815380508713,-0.17586311452816483,-0.2170723815877267,-0.17586311452816497,-0.2294157338705619,-0.25264557631995566,-0.16012815380508733,-0.17586311452816486,-0.19044534662683035,-0.2294157338705616,-0.16012815380508702,5.686240703077341,-0.17586311452816475,-0.1601281538050872,-0.16012815380508685,-0.20412414523193173,-0.16012815380508724,4.6067583203617515,-0.17586311452816497,-0.1601281538050872,-0.16012815380508708,-0.16012815380508708,-0.20412414523193181,-0.1758631145281651,-0.1601281538050869
-0.14285714285714296,-0.142857142857143,0.2931062991081243,-0.28474739872574933,-0.26366402215232204,2.478478796128208,-0.17586311452816505,-0.4364357804719841,-0.5927489783638196,-0.24124895481858216,-0.3333333333333333,5.686240703077325,-0.17586311452816494,-0.1758631145281649,-0.20412414523193168,-0.2526455763199551,-0.19044534662683063,-0.2170723815877266,-0.43643578047198417,-0.25264557631995604,-0.20412414523193187,-0.16012815380508724,6.244997998398385,-0.34251778896020846,-0.27435163058436757,-0.2948839123097945,-0.21707238158772663,-0.16012815380508674,-0.17586311452816505,-0.2170723815877268,-0.16012815380508702,-0.1601281538050869,-0.1601281538050871,-0.16012815380508685,-0.26366402215232204,-0.16012815380508705,-0.2041241452319317,-0.16012815380508713,-0.17586311452816483,-0.2170723815877267,-0.17586311452816497,-0.2294157338705619,-0.25264557631995566,-0.16012815380508733,-0.17586311452816486,-0.19044534662683035,-0.2294157338705616,-0.16012815380508702,-0.1758631145281652,-0.17586311452816475,-0.1601281538050872,-0.16012815380508685,-0.20412414523193173,-0.16012815380508724,-0.21707238158772652,-0.17586311452816497,-0.1601281538050872,-0.16012815380508708,-0.16012815380508708,-0.20412414523193181,-0.1758631145281651,-0.1601281538050869
-0.14285714285714296,-0.142857142857143,1.6042145286416563,-0.28474739872574933,-0.26366402215232204,-0.4034732923929642,-0.17586311452816505,-0.4364357804719841,-0.5927489783638196,-0.24124895481858216,-0.3333333333333333,-0.1758631145281647,-0.17586311452816494,-0.1758631145281649,-0.20412414523193168,3.9581140290126298,-0.19044534662683063,-0.2170723815877266,-0.43643578047198417,3.9581140290126444,-0.20412414523193187,-0.16012815380508724,-0.1601281538050868,-0.34251778896020846,-0.27435163058436757,-0.2948839123097945,-0.21707238158772663,-0.16012815380508674,-0.17586311452816505,-0.2170723815877268,-0.16012815380508702,-0.1601281538050869,-0.1601281538050871,-0.16012815380508685,-0.26366402215232204,-0.16012815380508705,-0.2041241452319317,-0.16012815380508713,-0.17586311452816483,-0.2170723815877267,-0.17586311452816497,-0.2294157338705619,-0.25264557631995566,-0.16012815380508733,-0.17586311452816486,-0.19044534662683035,-0.2294157338705616,-0.16012815380508702,-0.1758631145281652,-0.17586311452816475,-0.1601281538050872,-0.16012815380508685,4.898979485566361,-0.16012815380508724,-0.21707238158772652,-0.17586311452816497,-0.1601281538050872,-0.16012815380508708,-0.16012815380508708,-0.20412414523193181,-0.1758631145281651,-0.1601281538050869
-0.14285714285714296,-0.142857142857143,1.5391850055573062,-0.28474739872574933,-0.26366402215232204,-0.4034732923929642,-0.17586311452816505,-0.4364357804719841,-0.5927489783638196,4.145095678246547,-0.3333333333333333,-0.1758631145281647,-0.17586311452816494,-0.1758631145281649,-0.20412414523193168,3.9581140290126298,-0.19044534662683063,-0.2170723815877266,-0.43643578047198417,-0.25264557631995604,-0.20412414523193187,-0.16012815380508724,-0.1601281538050868,-0.34251778896020846,-0.27435163058436757,-0.2948839123097945,-0.21707238158772663,-0.16012815380508674,-0.17586311452816505,-0.2170723815877268,-0.16012815380508702,-0.1601281538050869,-0.1601281538050871,-0.16012815380508685,-0.26366402215232204,-0.16012815380508705,-0.2041241452319317,-0.16012815380508713,-0.17586311452816483,-0.2170723815877267,-0.17586311452816497,-0.2294157338705619,-0.25264557631995566,-0.16012815380508733,-0.17586311452816486,-0.19044534662683035,-0.2294157338705616,-0.16012815380508702,-0.1758631145281652,-0.17586311452816475,-0.1601281538050872,6.244997998398387,-0.20412414523193173,-0.16012815380508724,-0.21707238158772652,-0.17586311452816497,-0.1601281538050872,-0.16012815380508708,-0.16012815380508708,-0.20412414523193181,-0.1758631145281651,-0.1601281538050869
-0.14285714285714296,-0.142857142857143,0.6600919051880864,-0.28474739872574933,-0.26366402215232204,-0.4034732923929642,5.686240703077337,-0.4364357804719841,-0.5927489783638196,-0.24124895481858216,-0.3333333333333333,-0.1758631145281647,-0.17586311452816494,-0.1758631145281649,-0.20412414523193168,-0.2526455763199551,-0.19044534662683063,-0.2170723815877266,-0.43643578047198417,-0.25264557631995604,-0.20412414523193187,-0.16012815380508724,-0.1601281538050868,-0.34251778896020846,-0.27435163058436757,-0.2948839123097945,-0.21707238158772663,-0.16012815380508674,-0.17586311452816505,-0.2170723815877268,-0.16012815380508702,-0.1601281538050869,-0.1601281538050871,-0.16012815380508685,-0.26366402215232204,6.244997998398395,-0.2041241452319317,-0.16012815380508713,-0.17586311452816483,-0.2170723815877267,-0.17586311452816497,-0.2294157338705619,-0.25264557631995566,-0.16012815380508733,-0.17586311452816486,-0.19044534662683035,-0.2294157338705616,-0.16012815380508702,-0.1758631145281652,-0.17586311452816475,-0.1601281538050872,-0.16012815380508685,-0.20412414523193173,6.244997998398403,-0.21707238158772652,-0.17586311452816497,-0.1601281538050872,-0.16012815380508708,-0.16012815380508708,-0.20412414523193181,-0.1758631145281651,-0.1601281538050869
-0.14285714285714296,-0.142857142857143,-0.062108730212842404,-0.28474739872574933,-0.26366402215232204,-0.4034732923929642,-0.17586311452816505,-0.4364357804719841,1.687054784573948,-0.24124895481858216,-0.3333333333333333,-0.1758631145281647,-0.17586311452816494,-0.1758631145281649,4.89897948556636,-0.2526455763199551,-0.19044534662683063,-0.2170723815877266,-0.43643578047198417,-0.25264557631995604,-0.20412414523193187,-0.16012815380508724,-0.1601281538050868,-0.34251778896020846,3.6449573777637396,3.391164991562637,-0.21707238158772663,-0.16012815380508674,-0.17586311452816505,-0.2170723815877268,-0.16012815380508702,-0.1601281538050869,6.2449979983983965,-0.16012815380508685,-0.26366402215232204,-0.16012815380508705,-0.2041241452319317,-0.16012815380508713,-0.17586311452816483,-0.2170723815877267,-0.17586311452816497,-0.2294157338705619,-0.25264557631995566,-0.16012815380508733,-0.17586311452816486,-0.19044534662683035,-0.2294157338705616,-0.16012815380508702,-0.1758631145281652,-0.17586311452816475,-0.1601281538050872,-0.16012815380508685,-0.20412414523193173,6.244997998398403,-0.21707238158772652,-0.17586311452816497,-0.1601281538050872,-0.16012815380508708,-0.16012815380508708,-0.20412414523193181,-0.1758631145281651,-0.1601281538050869
-0.14285714285714296,-0.142857142857143,-0.3855082401753365,-0.28474739872574933,-0.26366402215232204,-0.4034732923929642,-0.17586311452816505,-0.4364357804719841,-0.5927489783638196,-0.24124895481858216,-0.3333333333333333,-0.1758631145281647,-0.17586311452816494,-0.1758631145281649,-0.20412414523193168,-0.2526455763199551,-0.19044534662683063,-0.2170723815877266,-0.43643578047198417,-0.25264557631995604,-0.20412414523193187,-0.16012815380508724,-0.1601281538050868,-0.34251778896020846,-0.27435163058436757,-0.2948839123097945,-0.21707238158772663,-0.16012815380508674,-0.17586311452816505,-0.2170723815877268,-0.16012815380508702,-0.1601281538050869,-0.1601281538050871,-0.16012815380508685,3.792705549421863,-0.16012815380508705,-0.2041241452319317,-0.16012815380508713,-0.17586311452816483,-0.2170723815877267,-0.17586311452816497,-0.2294157338705619,-0.25264557631995566,-0.16012815380508733,-0.17586311452816486,-0.19044534662683035,-0.2294157338705616,-0.16012815380508702,-0.1758631145281652,-0.17586311452816475,-0.1601281538050872,-0.16012815380508685,-0.20412414523193173,-0.16012815380508724,-0.21707238158772652,-0.17586311452816497,-0.1601281538050872,-0.16012815380508708,-0.16012815380508708,-0.20412414523193181,-0.1758631145281651,-0.1601281538050869
-0.14285714285714296,-0.142857142857143,-0.4964255315651758,-0.28474739872574933,-0.26366402215232204,-0.4034732923929642,-0.17586311452816505,-0.4364357804719841,-0.5927489783638196,-0.24124895481858216,2.9999999999999996,-0.1758631145281647,-0.17586311452816494,-0.1758631145281649,-0.20412414523193168,-0.2526455763199551,-0.19044534662683063,-0.2170723815877266,2.291287847477917,-0.25264557631995604,-0.20412414523193187,-0.16012815380508724,-0.1601281538050868,-0.34251778896020846,-0.27435163058436757,-0.2948839123097945,-0.21707238158772663,-0.16012815380508674,-0.17586311452816505,-0.2170723815877268,-0.16012815380508702,-0.1601281538050869,-0.1601281538050871,-0.16012815380508685,-0.26366402215232204,-0.16012815380508705,-0.2041241452319317,-0.16012815380508713,-0.17586311452816483,-0.2170723815877267,-0.17586311452816497,-0.2294157338705619,-0.25264557631995566,-0.16012815380508733,-0.17586311452816486,-0.19044534662683035,-0.2294157338705616,-0.16012815380508702,-0.1758631145281652,-0.17586311452816475,-0.1601281538050872,-0.16012815380508685,-0.20412414523193173,-0.16012815380508724,-0.21707238158772652,-0.17586311452816497,-0.1601281538050872,-0.16012815380508708,-0.16012815380508708,-0.20412414523193181,-0.1758631145281651,-0.1601281538050869
-0.14285714285714296,-0.142857142857143,-0.32744200383702576,-0.28474739872574933,-0.26366402215232204,-0.4034732923929642,-0.17586311452816505,2.2912878474779164,-0.5927489783638196,-0.24124895481858216,2.9999999999999996,-0.1758631145281647,-0.17586311452816494,-0.1758631145281649,-0.20412414523193168,-0.2526455763199551,-0.19044534662683063,-0.2170723815877266,-0.43643578047198417,-0.25264557631995604,-0.20412414523193187,-0.16012815380508724,-0.1601281538050868,-0.34251778896020846,-0.27435163058436757,-0.2948839123097945,-0.21707238158772663,-0.16012815380508674,-0.17586311452816505,-0.2170723815877268,-0.16012815380508702,-0.1601281538050869,-0.1601281538050871,-0.16012815380508685,-0.26366402215232204,-0.16012815380508705,-0.2041241452319317,-0.16012815380508713,-0.17586311452816483,-0.2170723815877267,-0.17586311452816497,-0.2294157338705619,-0.25264557631995566,-0.16012815380508733,-0.17586311452816486,-0.19044534662683035,-0.2294157338705616,-0.16012815380508702,-0.1758631145281652,5.686240703077327,-0.1601281538050872,-0.16012815380508685,-0.20412414523193173,-0.16012815380508724,-0.21707238158772652,-0.17586311452816497,-0.1601281538050872,-0.16012815380508708,-0.16012815380508708,-0.20412414523193181,-0.1758631145281651,-0.1601281538050869
-0.14285714285714296,-0.142857142857143,-0.56250391792508,-0.28474739872574933,-0.26366402215232204,2.478478796128208,-0.17586311452816505,-0.4364357804719841,-0.5927489783638196,-0.24124895481858216,-0.3333333333333333,-0.1758631145281647,-0.17586311452816494,-0.1758631145281649,-0.20412414523193168,-0.2526455763199551,5.250850271282615,-0.2170723815877266,-0.43643578047198417,-0.25264557631995604,-0.20412414523193187,-0.16012815380508724,-0.1601281538050868,-0.34251778896020846,-0.27435163058436757,-0.2948839123097945,-0.21707238158772663,-0.16012815380508674,-0.17586311452816505,-0.2170723815877268,-0.16012815380508702,-0.1601281538050869,-0.1601281538050871,-0.16012815380508685,-0.26366402215232204,-0.16012815380508705,-0.2041241452319317,-0.16012815380508713,-0.17586311452816483,-0.2170723815877267,-0.17586311452816497,-0.2294157338705619,-0.25264557631995566,-0.16012815380508733,-0.17586311452816486,-0.19044534662683035,4.35889894354067,-0.16012815380508702,-0.1758631145281652,-0.17586311452816475,-0.1601281538050872,-0.16012815380508685,-0.20412414523193173,-0.16012815380508724,-0.21707238158772652,-0.17586311452816497,-0.1601281538050872,-0.16012815380508708,-0.16012815380508708,-0.20412414523193181,-0.1758631145281651,-0.1601281538050869
-0.14285714285714296,-0.142857142857143,-0.5759934650523445,3.511884584284242,-0.26366402215232204,-0.4034732923929642,-0.17586311452816505,-0.4364357804719841,-0.5927489783638196,-0.24124895481858216,-0.3333333333333333,-0.1758631145281647,-0.17586311452816494,-0.1758631145281649,-0.20412414523193168,-0.2526455763199551,-0.19044534662683063,-0.2170723815877266,-0.43643578047198417,-0.25264557631995604,-0.20412414523193187,-0.16012815380508724,-0.1601281538050868,2.919556391613206,-0.27435163058436757,-0.2948839123097945,-0.21707238158772663,-0.16012815380508674,-0.17586311452816505,-0.2170723815877268,-0.16012815380508702,-0.1601281538050869,-0.1601281538050871,-0.16012815380508685,-0.26366402215232204,-0.16012815380508705,-0.2041241452319317,-0.16012815380508713,-0.17586311452816483,-0.2170723815877267,-0.17586311452816497,-0.2294157338705619,-0.25264557631995566,-0.16012815380508733,-0.17586311452816486,-0.19044534662683035,-0.2294157338705616,-0.16012815380508702,-0.1758631145281652,-0.17586311452816475,-0.1601281538050872,-0.16012815380508685,-0.20412414523193173,-0.16012815380508724,-0.21707238158772652,-0.17586311452816497,-0.1601281538050872,-0.16012815380508708,-0.16012815380508708,-0.20412414523193181,-0.1758631145281651,-0.1601281538050869
-0.14285714285714296,-0.142857142857143,4.79511882869592,-0.28474739872574933,-0.26366402215232204,-0.4034732923929642,-0.17586311452816505,-0.4364357804719841,1.687054784573948,-0.24124895481858216,-0.3333333333333333,-0.1758631145281647,-0.17586311452816494,-0.1758631145281649,-0.20412414523193168,-0.2526455763199551,-0.19044534662683063,-0.2170723815877266,-0.43643578047198417,3.9581140290126444,-0.20412414523193187,-0.16012815380508724,-0.1601281538050868,-0.34251778896020846,-0.27435163058436757,-0.2948839123097945,-0.21707238158772663,-0.16012815380508674,-0.17586311452816505,-0.2170723815877268,-0.16012815380508702,-0.1601281538050869,-0.1601281538050871,-0.16012815380508685,-0.26366402215232204,-0.16012815380508705,-0.2041241452319317,-0.16012815380508713,-0.17586311452816483,4.606758320361756,-0.17586311452816497,-0.2294157338705619,-0.25264557631995566,-0.16012815380508733,-0.17586311452816486,-0.19044534662683035,-0.2294157338705616,-0.16012815380508702,-0.1758631145281652,-0.17586311452816475,-0.1601281538050872,-0.16012815380508685,-0.20412414523193173,-0.16012815380508724,-0.21707238158772652,-0.17586311452816497,-0.1601281538050872,-0.16012815380508708,-0.16012815380508708,-0.20412414523193181,-0.1758631145281651,-0.1601281538050869
-0.14285714285714296,-0.142857142857143,-0.5677773693938379,3.511884584284242,-0.26366402215232204,-0.4034732923929642,-0.17586311452816505,-0.4364357804719841,-0.5927489783638196,-0.24124895481858216,-0.3333333333333333,-0.1758631145281647,-0.17586311452816494,-0.1758631145281649,-0.20412414523193168,-0.2526455763199551,-0.19044534662683063,-0.2170723815877266,2.291287847477917,-0.25264557631995604,-0.20412414523193187,-0.16012815380508724,-0.1601281538050868,-0.34251778896020846,-0.27435163058436757,-0.2948839123097945,-0.21707238158772663,-0.16012815380508674,-0.17586311452816505,-0.2170723815877268,-0.16012815380508702,-0.1601281538050869,-0.1601281538050871,-0.16012815380508685,-0.26366402215232204,-0.16012815380508705,-0.2041241452319317,-0.16012815380508713,-0.17586311452816483,-0.2170723815877267,-0.17586311452816497,-0.2294157338705619,-0.25264557631995566,-0.16012815380508733,-0.17586311452816486,-0.19044534662683035,-0.2294157338705616,-0.16012815380508702,-0.1758631145281652,-0.17586311452816475,-0.1601281538050872,-0.16012815380508685,-0.20412414523193173,-0.16012815380508724,-0.21707238158772652,-0.17586311452816497,-0.1601281538050872,-0.16012815380508708,-0.16012815380508708,-0.20412414523193181,-0.1758631145281651,-0.1601281538050869
-0.14285714285714296,-0.142857142857143,0.8945419823654008,-0.28474739872574933,-0.26366402215232204,2.478478796128208,-0.17586311452816505,-0.4364357804719841,-0.5927489783638196,-0.24124895481858216,-0.3333333333333333,-0.1758631145281647,-0.17586311452816494,-0.1758631145281649,-0.20412414523193168,-0.2526455763199551,-0.19044534662683063,-0.2170723815877266,-0.43643578047198417,-0.25264557631995604,-0.20412414523193187,-0.16012815380508724,-0.1601281538050868,-0.34251778896020846,-0.27435163058436757,-0.2948839123097945,-0.21707238158772663,-0.16012815380508674,-0.17586311452816505,-0.2170723815877268,-0.16012815380508702,-0.1601281538050869,-0.1601281538050871,-0.16012815380508685,-0.26366402215232204,-0.16012815380508705,-0.2041241452319317,-0.16012815380508713,5.686240703077329,-0.2170723815877267,-0.17586311452816497,-0.2294157338705619,-0.25264557631995566,-0.16012815380508733,-0.17586311452816486,-0.19044534662683035,-0.2294157338705616,-0.16012815380508702,-0.1758631145281652,-0.17586311452816475,-0.1601281538050872,-0.16012815380508685,-0.20412414523193173,-0.16012815380508724,-0.21707238158772652,-0.17586311452816497,-0.1601281538050872,6.244997998398396,-0.16012815380508708,-0.20412414523193181,-0.1758631145281651,-0.1601281538050869
-0.14285714285714296,-0.142857142857143,0.06232724339524888,-0.28474739872574933,-0.26366402215232204,-0.4034732923929642,-0.17586311452816505,2.2912878474779164,-0.5927489783638196,-0.24124895481858216,-0.3333333333333333,-0.1758631145281647,-0.17586311452816494,-0.1758631145281649,-0.20412414523193168,-0.2526455763199551,-0.19044534662683063,-0.2170723815877266,-0.43643578047198417,-0.25264557631995604,-0.20412414523193187,-0.16012815380508724,-0.1601281538050868,-0.34251778896020846,-0.27435163058436757,-0.2948839123097945,-0.21707238158772663,-0.16012815380508674,-0.17586311452816505,-0.2170723815877268,-0.16012815380508702,-0.1601281538050869,-0.1601281538050871,-0.16012815380508685,-0.26366402215232204,-0.16012815380508705,-0.2041241452319317,-0.16012815380508713,-0.17586311452816483,-0.2170723815877267,-0.17586311452816497,-0.2294157338705619,-0.25264557631995566,-0.16012815380508733,-0.17586311452816486,-0.19044534662683035,-0.2294157338705616,-0.16012815380508702,-0.1758631145281652,-0.17586311452816475,-0.1601281538050872,-0.16012815380508685,-0.20412414523193173,-0.16012815380508724,4.6067583203617515,-0.17586311452816497,-0.1601281538050872,-0.16012815380508708,-0.16012815380508708,-0.20412414523193181,-0.1758631145281651,-0.1601281538050869
-0.14285714285714296,-0.142857142857143,0.4617110706534355,3.511884584284242,-0.26366402215232204,-0.4034732923929642,-0.17586311452816505,-0.4364357804719841,-0.5927489783638196,-0.24124895481858216,-0.3333333333333333,-0.1758631145281647,-0.17586311452816494,-0.1758631145281649,-0.20412414523193168,-0.2526455763199551,-0.19044534662683063,-0.2170723815877266,-0.43643578047198417,-0.25264557631995604,4.898979485566365,-0.16012815380508724,-0.1601281538050868,-0.34251778896020846,-0.27435163058436757,-0.2948839123097945,-0.21707238158772663,-0.16012815380508674,-0.17586311452816505,-0.2170723815877268,-0.16012815380508702,-0.1601281538050869,-0.1601281538050871,-0.16012815380508685,-0.26366402215232204,-0.16012815380508705,-0.2041241452319317,-0.16012815380508713,-0.17586311452816483,-0.2170723815877267,-0.17586311452816497,-0.2294157338705619,-0.25264557631995566,-0.16012815380508733,-0.17586311452816486,-0.19044534662683035,-0.2294157338705616,-0.16012815380508702,-0.1758631145281652,-0.17586311452816475,-0.1601281538050872,-0.16012815380508685,-0.20412414523193173,-0.16012815380508724,-0.21707238158772652,-0.17586311452816497,-0.1601281538050872,-0.16012815380508708,-0.16012815380508708,-0.20412414523193181,-0.1758631145281651,-0.1601281538050869
-0.14285714285714296,-0.142857142857143,1.5256371882480664,-0.28474739872574933,-0.26366402215232204,2.478478796128208,-0.17586311452816505,2.2912878474779164,-0.5927489783638196,-0.24124895481858216,-0.3333333333333333,-0.1758631145281647,-0.17586311452816494,-0.1758631145281649,-0.20412414523193168,-0.2526455763199551,-0.19044534662683063,-0.2170723815877266,-0.43643578047198417,-0.25264557631995604,-0.20412414523193187,-0.16012815380508724,-0.1601281538050868,-0.34251778896020846,3.6449573777637396,3.391164991562637,-0.21707238158772663,-0.16012815380508674,-0.17586311452816505,-0.2170723815877268,-0.16012815380508702,-0.1601281538050869,-0.1601281538050871,-0.16012815380508685,-0.26366402215232204,-0.16012815380508705,-0.2041241452319317,-0.16012815380508713,-0.17586311452816483,-0.2170723815877267,-0.17586311452816497,-0.2294157338705619,-0.25264557631995566,-0.16012815380508733,-0.17586311452816486,-0.19044534662683035,-0.2294157338705616,-0.16012815380508702,-0.1758631145281652,5.686240703077327,-0.1601281538050872,-0.16012815380508685,-0.20412414523193173,-0.16012815380508724,-0.21707238158772652,-0.17586311452816497,-0.1601281538050872,-0.16012815380508708,-0.16012815380508708,-0.20412414523193181,-0.1758631145281651,-0.1601281538050869
-0.14285714285714296,-0.142857142857143,-0.7963421581916548,-0.28474739872574933,-0.26366402215232204,-0.4034732923929642,-0.17586311452816505,-0.4364357804719841,1.687054784573948,-0.24124895481858216,-0.3333333333333333,-0.1758631145281647,-0.17586311452816494,-0.1758631145281649,-0.20412414523193168,-0.2526455763199551,-0.19044534662683063,-0.2170723815877266,2.291287847477917,-0.25264557631995604,-0.20412414523193187,-0.16012815380508724,-0.1601281538050868,-0.34251778896020846,-0.27435163058436757,-0.2948839123097945,-0.21707238158772663,-0.16012815380508674,-0.17586311452816505,-0.2170723815877268,-0.16012815380508702,-0.1601281538050869,-0.1601281538050871,-0.16012815380508685,-0.26366402215232204,-0.16012815380508705,-0.2041241452319317,-0.16012815380508713,-0.17586311452816483,-0.2170723815877267,-0.17586311452816497,-0.2294157338705619,3.9581140290126386,-0.16012815380508733,-0.17586311452816486,-0.19044534662683035,4.35889894354067,-0.16012815380508702,-0.1758631145281652,-0.17586311452816475,-0.1601281538050872,-0.16012815380508685,-0.20412414523193173,-0.16012815380508724,-0.21707238158772652,-0.17586311452816497,6.2449979983984,-0.16012815380508708,-0.16012815380508708,-0.20412414523193181,-0.1758631145281651,-0.1601281538050869
-0.14285714285714296,-0.142857142857143,0.17053497132324016,-0.28474739872574933,3.792705549421863,-0.4034732923929642,-0.17586311452816505,2.2912878474779164,-0.5927489783638196,-0.24124895481858216,-0.3333333333333333,-0.1758631145281647,-0.17586311452816494,-0.1758631145281649,-0.20412414523193168,-0.2526455763199551,-0.19044534662683063,-0.2170723815877266,-0.43643578047198417,-0.25264557631995604,-0.20412414523193187,-0.16012815380508724,-0.1601281538050868,-0.34251778896020846,-0.27435163058436757,-0.2948839123097945,-0.21707238158772663,-0.16012815380508674,-0.17586311452816505,-0.2170723815877268,-0.16012815380508702,-0.1601281538050869,-0.1601281538050871,-0.16012815380508685,-0.26366402215232204,-0.16012815380508705,-0.2041241452319317,-0.16012815380508713,-0.17586311452816483,-0.2170723815877267,-0.17586311452816497,-0.2294157338705619,-0.25264557631995566,-0.16012815380508733,-0.17586311452816486,-0.19044534662683035,-0.2294157338705616,-0.16012815380508702,-0.1758631145281652,-0.17586311452816475,-0.1601281538050872,-0.16012815380508685,-0.20412414523193173,-0.16012815380508724,-0.21707238158772652,-0.17586311452816497,-0.1601281538050872,-0.16012815380508708,-0.16012815380508708,-0.20412414523193181,-0.1758631145281651,-0.1601281538050869
7.000000000000004,-0.142857142857143,0.42336929091373804,-0.28474739872574933,-0.26366402215232204,-0.4034732923929642,-0.17586311452816505,-0.4364357804719841,-0.5927489783638196,4.145095678246547,2.9999999999999996,-0.1758631145281647,-0.17586311452816494,-0.1758631145281649,-0.20412414523193168,-0.2526455763199551,-0.19044534662683063,4.606758320361753,-0.43643578047198417,-0.25264557631995604,-0.20412414523193187,-0.16012815380508724,-0.1601281538050868,-0.34251778896020846,-0.27435163058436757,-0.2948839123097945,-0.21707238158772663,-0.16012815380508674,-0.17586311452816505,-0.2170723815877268,-0.16012815380508702,-0.1601281538050869,-0.1601281538050871,-0.16012815380508685,-0.26366402215232204,-0.16012815380508705,-0.2041241452319317,-0.16012815380508713,-0.17586311452816483,-0.2170723815877267,-0.17586311452816497,-0.2294157338705619,-0.25264557631995566,-0.16012815380508733,-0.17586311452816486,-0.19044534662683035,-0.2294157338705616,-0.16012815380508702,-0.1758631145281652,-0.17586311452816475,-0.1601281538050872,-0.16012815380508685,-0.20412414523193173,-0.16012815380508724,-0.21707238158772652,-0.17586311452816497,-0.1601281538050872,-0.16012815380508708,-0.16012815380508708,-0.20412414523193181,-0.1758631145281651,-0.1601281538050869
-0.14285714285714296,-0.142857142857143,-0.5615715950134765,-0.28474739872574933,-0.26366402215232204,-0.4034732923929642,-0.17586311452816505,-0.4364357804719841,1.687054784573948,-0.24124895481858216,-0.3333333333333333,-0.1758631145281647,-0.17586311452816494,-0.1758631145281649,-0.20412414523193168,-0.2526455763199551,-0.19044534662683063,-0.2170723815877266,-0.43643578047198417,3.9581140290126444,-0.20412414523193187,-0.16012815380508724,-0.1601281538050868,-0.34251778896020846,-0.27435163058436757,-0.2948839123097945,-0.21707238158772663,-0.16012815380508674,-0.17586311452816505,-0.2170723815877268,-0.16012815380508702,-0.1601281538050869,-0.1601281538050871,-0.16012815380508685,-0.26366402215232204,-0.16012815380508705,-0.2041241452319317,-0.16012815380508713,-0.17586311452816483,-0.2170723815877267,-0.17586311452816497,-0.2294157338705619,-0.25264557631995566,-0.16012815380508733,-0.17586311452816486,-0.19044534662683035,-0.2294157338705616,-0.16012815380508702,-0.1758631145281652,-0.17586311452816475,-0.1601281538050872,-0.16012815380508685,-0.20412414523193173,-0.16012815380508724,-0.21707238158772652,-0.17586311452816497,-0.1601281538050872,-0.16012815380508708,-0.16012815380508708,-0.20412414523193181,-0.1758631145281651,-0.1601281538050869
-0.14285714285714296,-0.142857142857143,-0.08623258555058509,-0.28474739872574933,-0.26366402215232204,-0.4034732923929642,5.686240703077337,-0.4364357804719841,1.687054784573948,-0.24124895481858216,-0.3333333333333333,-0.1758631145281647,-0.17586311452816494,-0.1758631145281649,-0.20412414523193168,-0.2526455763199551,-0.19044534662683063,-0.2170723815877266,-0.43643578047198417,-0.25264557631995604,-0.20412414523193187,-0.16012815380508724,-0.1601281538050868,-0.34251778896020846,-0.27435163058436757,-0.2948839123097945,-0.21707238158772663,-0.16012815380508674,-0.17586311452816505,-0.2170723815877268,-0.16012815380508702,-0.1601281538050869,-0.1601281538050871,-0.16012815380508685,-0.26366402215232204,-0.16012815380508705,-0.2041241452319317,-0.16012815380508713,-0.17586311452816483,-0.2170723815877267,-0.17586311452816497,-0.2294157338705619,-0.25264557631995566,-0.16012815380508733,-0.17586311452816486,-0.19044534662683035,-0.2294157338705616,-0.16012815380508702,-0.1758631145281652,-0.17586311452816475,-0.1601281538050872,-0.16012815380508685,-0.20412414523193173,-0.16012815380508724,-0.21707238158772652,-0.17586311452816497,-0.1601281538050872,-0.16012815380508708,-0.16012815380508708,-0.20412414523193181,-0.1758631145281651,-0.1601281538050869
-0.14285714285714296,-0.142857142857143,0.42532134200990807,-0.28474739872574933,-0.26366402215232204,-0.4034732923929642,-0.17586311452816505,2.2912878474779164,-0.5927489783638196,-0.24124895481858216,2.9999999999999996,-0.1758631145281647,-0.17586311452816494,-0.1758631145281649,-0.20412414523193168,-0.2526455763199551,-0.19044534662683063,-0.2170723815877266,-0.43643578047198417,-0.25264557631995604,-0.20412414523193187,-0.16012815380508724,-0.1601281538050868,-0.34251778896020846,-0.27435163058436757,-0.2948839123097945,-0.21707238158772663,-0.16012815380508674,-0.17586311452816505,-0.2170723815877268,-0.16012815380508702,-0.1601281538050869,-0.1601281538050871,-0.16012815380508685,-0.26366402215232204,-0.16012815380508705,4.898979485566361,-0.16012815380508713,-0.17586311452816483,-0.2170723815877267,-0.17586311452816497,-0.2294157338705619,-0.25264557631995566,-0.16012815380508733,-0.17586311452816486,-0.19044534662683035,-0.2294157338705616,-0.16012815380508702,-0.1758631145281652,5.686240703077327,-0.1601281538050872,-0.16012815380508685,4.898979485566361,-0.16012815380508724,-0.21707238158772652,-0.17586311452816497,-0.1601281538050872,-0.16012815380508708,-0.16012815380508708,-0.20412414523193181,-0.1758631145281651,-0.1601281538050869
-0.14285714285714296,7.000000000000006,0.2448003182506636,-0.28474739872574933,-0.26366402215232204,-0.4034732923929642,-0.17586311452816505,-0.4364357804719841,-0.5927489783638196,-0.24124895481858216,-0.3333333333333333,-0.1758631145281647,-0.17586311452816494,-0.1758631145281649,-0.20412414523193168,-0.2526455763199551,-0.19044534662683063,-0.2170723815877266,-0.43643578047198417,3.9581140290126444,-0.20412414523193187,-0.16012815380508724,-0.1601281538050868,-0.34251778896020846,-0.27435163058436757,-0.2948839123097945,-0.21707238158772663,-0.16012815380508674,-0.17586311452816505,-0.2170723815877268,-0.16012815380508702,-0.1601281538050869,-0.1601281538050871,-0.16012815380508685,-0.26366402215232204,-0.16012815380508705,-0.2041241452319317,-0.16012815380508713,-0.17586311452816483,-0.2170723815877267,-0.17586311452816497,-0.2294157338705619,-0.25264557631995566,-0.16012815380508733,-0.17586311452816486,-0.19044534662683035,-0.2294157338705616,-0.16012815380508702,-0.1758631145281652,-0.17586311452816475,-0.1601281538050872,6.244997998398387,-0.20412414523193173,-0.16012815380508724,-0.21707238158772652,5.686240703077335,-0.1601281538050872,-0.16012815380508708,-0.16012815380508708,-0.20412414523193181,-0.1758631145281651,-0.1601281538050869
-0.14285714285714296,-0.142857142857143,0.024917786567154983,-0.28474739872574933,-0.26366402215232204,-0.4034732923929642,-0.17586311452816505,-0.4364357804719841,-0.5927489783638196,-0.24124895481858216,2.9999999999999996,-0.1758631145281647,5.686240703077334,-0.1758631145281649,-0.20412414523193168,-0.2526455763199551,-0.19044534662683063,-0.2170723815877266,-0.43643578047198417,-0.25264557631995604,-0.20412414523193187,-0.16012815380508724,-0.1601281538050868,-0.34251778896020846,-0.27435163058436757,-0.2948839123097945,-0.21707238158772663,-0.16012815380508674,-0.17586311452816505,-0.2170723815877268,-0.16012815380508702,-0.1601281538050869,-0.1601281538050871,-0.16012815380508685,-0.26366402215232204,-0.16012815380508705,-0.2041241452319317,-0.16012815380508713,-0.17586311452816483,-0.2170723815877267,-0.17586311452816497,-0.2294157338705619,-0.25264557631995566,-0.16012815380508733,-0.17586311452816486,-0.19044534662683035,-0.2294157338705616,6.244997998398394,5.686240703077341,-0.17586311452816475,-0.1601281538050872,-0.16012815380508685,-0.20412414523193173,-0.16012815380508724,-0.21707238158772652,-0.17586311452816497,-0.1601281538050872,-0.16012815380508708,-0.16012815380508708,-0.20412414523193181,-0.1758631145281651,-0.1601281538050869
-0.14285714285714296,-0.142857142857143,0.026840702572337453,-0.28474739872574933,-0.26366402215232204,-0.4034732923929642,-0.17586311452816505,-0.4364357804719841,-0.5927489783638196,4.145095678246547,-0.3333333333333333,-0.1758631145281647,-0.17586311452816494,-0.1758631145281649,-0.20412414523193168,-0.2526455763199551,-0.19044534662683063,-0.2170723815877266,-0.43643578047198417,-0.25264557631995604,-0.20412414523193187,-0.16012815380508724,-0.1601281538050868,-0.34251778896020846,-0.27435163058436757,-0.2948839123097945,-0.21707238158772663,-0.16012815380508674,-0.17586311452816505,-0.2170723815877268,-0.16012815380508702,-0.1601281538050869,-0.1601281538050871,-0.16012815380508685,-0.26366402215232204,-0.16012815380508705,-0.2041241452319317,-0.16012815380508713,-0.17586311452816483,-0.2170723815877267,-0.17586311452816497,-0.2294157338705619,-0.25264557631995566,-0.16012815380508733,-0.17586311452816486,-0.19044534662683035,-0.2294157338705616,-0.16012815380508702,-0.1758631145281652,-0.17586311452816475,-0.1601281538050872,-0.16012815380508685,-0.20412414523193173,-0.16012815380508724,-0.21707238158772652,5.686240703077335,-0.1601281538050872,-0.16012815380508708,-0.16012815380508708,-0.20412414523193181,-0.1758631145281651,-0.1601281538050869
-0.14285714285714296,-0.142857142857143,-0.3394456613239219,-0.28474739872574933,-0.26366402215232204,-0.4034732923929642,-0.17586311452816505,-0.4364357804719841,-0.5927489783638196,-0.24124895481858216,-0.3333333333333333,-0.1758631145281647,-0.17586311452816494,-0.1758631145281649,-0.20412414523193168,-0.2526455763199551,-0.19044534662683063,-0.2170723815877266,-0.43643578047198417,-0.25264557631995604,-0.20412414523193187,-0.16012815380508724,-0.1601281538050868,2.919556391613206,3.6449573777637396,3.391164991562637,-0.21707238158772663,6.244997998398382,-0.17586311452816505,-0.2170723815877268,-0.16012815380508702,-0.1601281538050869,-0.1601281538050871,-0.16012815380508685,-0.26366402215232204,-0.16012815380508705,-0.2041241452319317,-0.16012815380508713,5.686240703077329,-0.2170723815877267,-0.17586311452816497,-0.2294157338705619,-0.25264557631995566,-0.16012815380508733,-0.17586311452816486,-0.19044534662683035,-0.2294157338705616,-0.16012815380508702,-0.1758631145281652,-0.17586311452816475,-0.1601281538050872,-0.16012815380508685,-0.20412414523193173,6.244997998398403,-0.21707238158772652,-0.17586311452816497,-0.1601281538050872,-0.16012815380508708,-0.16012815380508708,-0.20412414523193181,-0.1758631145281651,-0.1601281538050869
-0.14285714285714296,-0.142857142857143,-0.9923339152653213,-0.28474739872574933,-0.26366402215232204,-0.4034732923929642,-0.17586311452816505,-0.4364357804719841,1.687054784573948,-0.24124895481858216,-0.3333333333333333,-0.1758631145281647,-0.17586311452816494,-0.1758631145281649,-0.20412414523193168,-0.2526455763199551,-0.19044534662683063,-0.2170723815877266,-0.43643578047198417,-0.25264557631995604,-0.20412414523193187,-0.16012815380508724,-0.1601281538050868,-0.34251778896020846,-0.27435163058436757,-0.2948839123097945,-0.21707238158772663,-0.16012815380508674,-0.17586311452816505,-0.2170723815877268,-0.16012815380508702,-0.1601281538050869,-0.1601281538050871,-0.16012815380508685,-0.26366402215232204,-0.16012815380508705,-0.2041241452319317,-0.16012815380508713,-0.17586311452816483,-0.2170723815877267,-0.17586311452816497,-0.2294157338705619,-0.25264557631995566,-0.16012815380508733,-0.17586311452816486,-0.19044534662683035,-0.2294157338705616,-0.16012815380508702,-0.1758631145281652,-0.17586311452816475,-0.1601281538050872,-0.16012815380508685,-0.20412414523193173,-0.16012815380508724,-0.21707238158772652,-0.17586311452816497,-0.1601281538050872,-0.16012815380508708,-0.16012815380508708,-0.20412414523193181,-0.1758631145281651,-0.1601281538050869
-0.14285714285714296,-0.142857142857143,-0.5372437940388204,-0.28474739872574933,-0.26366402215232204,-0.4034732923929642,-0.17586311452816505,-0.4364357804719841,-0.5927489783638196,-0.24124895481858216,-0.3333333333333333,-0.1758631145281647,-0.17586311452816494,-0.1758631145281649,-0.20412414523193168,-0.2526455763199551,-0.19044534662683063,-0.2170723815877266,-0.43643578047198417,-0.25264557631995604,-0.20412414523193187,-0.16012815380508724,-0.1601281538050868,-0.34251778896020846,-0.27435163058436757,-0.2948839123097945,-0.21707238158772663,-0.16012815380508674,-0.17586311452816505,-0.2170723815877268,-0.16012815380508702,-0.1601281538050869,-0.1601281538050871,-0.16012815380508685,-0.26366402215232204,-0.16012815380508705,-0.2041241452319317,-0.16012815380508713,-0.17586311452816483,-0.2170723815877267,-0.17586311452816497,-0.2294157338705619,-0.25264557631995566,-0.16012815380508733,-0.17586311452816486,-0.19044534662683035,-0.2294157338705616,-0.16012815380508702,-0.1758631145281652,-0.17586311452816475,-0.1601281538050872,-0.16012815380508685,-0.20412414523193173,-0.16012815380508724,-0.21707238158772652,-0.17586311452816497,-0.1601281538050872,-0.16012815380508708,-0.16012815380508708,-0.20412414523193181,-0.1758631145281651,-0.1601281538050869
-0.14285714285714296,-0.142857142857143,-0.941143560400087,-0.28474739872574933,-0.26366402215232204,-0.4034732923929642,-0.17586311452816505,-0.4364357804719841,-0.5927489783638196,-0.24124895481858216,-0.3333333333333333,-0.1758631145281647,-0.17586311452816494,-0.1758631145281649,-0.20412414523193168,-0.2526455763199551,-0.19044534662683063,-0.2170723815877266,2.291287847477917,-0.25264557631995604,-0.20412414523193187,-0.16012815380508724,-0.1601281538050868,-0.34251778896020846,-0.27435163058436757,-0.2948839123097945,-0.21707238158772663,-0.16012815380508674,-0.17586311452816505,-0.2170723815877268,-0.16012815380508702,-0.1601281538050869,-0.1601281538050871,-0.16012815380508685,-0.26366402215232204,-0.16012815380508705,-0.2041241452319317,-0.16012815380508713,-0.17586311452816483,-0.2170723815877267,-0.17586311452816497,-0.2294157338705619,-0.25264557631995566,-0.16012815380508733,-0.17586311452816486,-0.19044534662683035,-0.2294157338705616,-0.16012815380508702,-0.1758631145281652,-0.17586311452816475,-0.1601281538050872,-0.16012815380508685,4.898979485566361,-0.16012815380508724,-0.21707238158772652,-0.17586311452816497,-0.1601281538050872,-0.16012815380508708,-0.16012815380508708,-0.20412414523193181,-0.1758631145281651,-0.1601281538050869
7.000000000000004,-0.142857142857143,0.08569358636731376,-0.28474739872574933,-0.26366402215232204,-0.4034732923929642,-0.17586311452816505,2.2912878474779164,-0.5927489783638196,4.145095678246547,2.9999999999999996,-0.1758631145281647,-0.17586311452816494,-0.1758631145281649,-0.20412414523193168,-0.2526455763199551,-0.19044534662683063,-0.2170723815877266,-0.43643578047198417,3.9581140290126444,-0.20412414523193187,-0.16012815380508724,-0.1601281538050868,-0.34251778896020846,-0.27435163058436757,-0.2948839123097945,-0.21707238158772663,-0.16012815380508674,-0.17586311452816505,-0.2170723815877268,-0.16012815380508702,-0.1601281538050869,-0.1601281538050871,-0.16012815380508685,-0.26366402215232204,-0.16012815380508705,-0.2041241452319317,-0.16012815380508713,-0.17586311452816483,-0.2170723815877267,-0.17586311452816497,-0.2294157338705619,-0.25264557631995566,-0.16012815380508733,-0.17586311452816486,-0.19044534662683035,-0.2294157338705616,-0.16012815380508702,-0.1758631145281652,-0.17586311452816475,6.2449979983984,-0.16012815380508685,-0.20412414523193173,-0.16012815380508724,-0.21707238158772652,-0.17586311452816497,-0.1601281538050872,-0.16012815380508708,-0.16012815380508708,-0.20412414523193181,-0.1758631145281651,-0.1601281538050869
-0.14285714285714296,-0.142857142857143,-0.1542921580976469,3.511884584284242,-0.26366402215232204,-0.4034732923929642,-0.17586311452816505,-0.4364357804719841,-0.5927489783638196,-0.24124895481858216,-0.3333333333333333,-0.1758631145281647,-0.17586311452816494,-0.1758631145281649,-0.20412414523193168,-0.2526455763199551,-0.19044534662683063,-0.2170723815877266,-0.43643578047198417,3.9581140290126444,-0.20412414523193187,-0.16012815380508724,-0.1601281538050868,-0.34251778896020846,-0.27435163058436757,-0.2948839123097945,-0.21707238158772663,-0.16012815380508674,-0.17586311452816505,-0.2170723815877268,-0.16012815380508702,-0.1601281538050869,-0.1601281538050871,-0.16012815380508685,-0.26366402215232204,-0.16012815380508705,-0.2041241452319317,-0.16012815380508713,-0.17586311452816483,-0.2170723815877267,-0.17586311452816497,-0.2294157338705619,-0.25264557631995566,-0.16012815380508733,-0.17586311452816486,-0.19044534662683035,-0.2294157338705616,-0.16012815380508702,-0.1758631145281652,-0.17586311452816475,-0.1601281538050872,-0.16012815380508685,4.898979485566361,-0.16012815380508724,-0.21707238158772652,-0.17586311452816497,-0.1601281538050872,-0.16012815380508708,-0.16012815380508708,-0.20412414523193181,-0.1758631145281651,-0.1601281538050869
-0.14285714285714296,-0.142857142857143,-0.35101229244600385,-0.28474739872574933,-0.26366402215232204,-0.4034732923929642,-0.17586311452816505,-0.4364357804719841,-0.5927489783638196,-0.24124895481858216,-0.3333333333333333,-0.1758631145281647,-0.17586311452816494,5.686240703077331,-0.20412414523193168,3.9581140290126298,-0.19044534662683063,-0.2170723815877266,-0.43643578047198417,-0.25264557631995604,-0.20412414523193187,-0.16012815380508724,-0.1601281538050868,-0.34251778896020846,-0.27435163058436757,-0.2948839123097945,-0.21707238158772663,-0.16012815380508674,-0.17586311452816505,-0.2170723815877268,-0.16012815380508702,-0.1601281538050869,-0.1601281538050871,-0.16012815380508685,-0.26366402215232204,-0.16012815380508705,-0.2041241452319317,-0.16012815380508713,-0.17586311452816483,-0.2170723815877267,-0.17586311452816497,-0.2294157338705619,-0.25264557631995566,-0.16012815380508733,-0.17586311452816486,-0.19044534662683035,-0.2294157338705616,-0.16012815380508702,5.686240703077341,-0.17586311452816475,-0.1601281538050872,-0.16012815380508685,-0.20412414523193173,6.244997998398403,-0.21707238158772652,-0.17586311452816497,-0.1601281538050872,-0.16012815380508708,-0.16012815380508708,-0.20412414523193181,-0.1758631145281651,-0.1601281538050869
-0.14285714285714296,-0.142857142857143,-0.4710488673149657,-0.28474739872574933,-0.26366402215232204,-0.4034732923929642,-0.17586311452816505,2.2912878474779164,-0.5927489783638196,-0.24124895481858216,-0.3333333333333333,-0.1758631145281647,-0.17586311452816494,-0.1758631145281649,-0.20412414523193168,-0.2526455763199551,-0.19044534662683063,-0.2170723815877266,-0.43643578047198417,-0.25264557631995604,-0.20412414523193187,-0.16012815380508724,-0.1601281538050868,-0.34251778896020846,-0.27435163058436757,-0.2948839123097945,-0.21707238158772663,-0.16012815380508674,-0.17586311452816505,-0.2170723815877268,-0.16012815380508702,-0.1601281538050869,-0.1601281538050871,-0.16012815380508685,-0.26366402215232204,-0.16012815380508705,-0.2041241452319317,-0.16012815380508713,-0.17586311452816483,-0.2170723815877267,-0.17586311452816497,-0.2294157338705619,-0.25264557631995566,-0.16012815380508733,-0.17586311452816486,-0.19044534662683035,-0.2294157338705616,-0.16012815380508702,-0.1758631145281652,-0.17586311452816475,-0.1601281538050872,-0.16012815380508685,-0.20412414523193173,-0.16012815380508724,-0.21707238158772652,-0.17586311452816497,-0.1601281538050872,-0.16012815380508708,-0.16012815380508708,-0.20412414523193181,-0.1758631145281651,-0.1601281538050869
-0.14285714285714296,-0.142857142857143,0.03322128749862454,-0.28474739872574933,-0.26366402215232204,-0.4034732923929642,-0.17586311452816505,-0.4364357804719841,-0.5927489783638196,-0.24124895481858216,-0.3333333333333333,-0.1758631145281647,-0.17586311452816494,-0.1758631145281649,-0.20412414523193168,-0.2526455763199551,-0.19044534662683063,-0.2170723815877266,-0.43643578047198417,-0.25264557631995604,-0.20412414523193187,-0.16012815380508724,-0.1601281538050868,-0.34251778896020846,-0.27435163058436757,-0.2948839123097945,4.606758320361754,-0.16012815380508674,-0.17586311452816505,-0.2170723815877268,-0.16012815380508702,-0.1601281538050869,-0.1601281538050871,-0.16012815380508685,-0.26366402215232204,-0.16012815380508705,-0.2041241452319317,-0.16012815380508713,-0.17586311452816483,-0.2170723815877267,-0.17586311452816497,-0.2294157338705619,-0.25264557631995566,-0.16012815380508733,-0.17586311452816486,-0.19044534662683035,-0.2294157338705616,-0.16012815380508702,-0.1758631145281652,-0.17586311452816475,-0.1601281538050872,-0.16012815380508685,-0.20412414523193173,-0.16012815380508724,-0.21707238158772652,-0.17586311452816497,-0.1601281538050872,-0.16012815380508708,-0.16012815380508708,-0.20412414523193181,-0.1758631145281651,-0.1601281538050869
-0.14285714285714296,-0.142857142857143,1.7614566147017985,-0.28474739872574933,-0.26366402215232204,-0.4034732923929642,5.686240703077337,-0.4364357804719841,1.687054784573948,-0.24124895481858216,-0.3333333333333333,-0.1758631145281647,-0.17586311452816494,-0.1758631145281649,-0.20412414523193168,-0.2526455763199551,-0.19044534662683063,-0.2170723815877266,-0.43643578047198417,-0.25264557631995604,-0.20412414523193187,-0.16012815380508724,-0.1601281538050868,-0.34251778896020846,3.6449573777637396,3.391164991562637,-0.21707238158772663,6.244997998398382,-0.17586311452816505,-0.2170723815877268,-0.16012815380508702,-0.1601281538050869,-0.1601281538050871,-0.16012815380508685,-0.26366402215232204,-0.16012815380508705,-0.2041241452319317,-0.16012815380508713,-0.17586311452816483,-0.2170723815877267,-0.17586311452816497,-0.2294157338705619,-0.25264557631995566,-0.16012815380508733,-0.17586311452816486,-0.19044534662683035,-0.2294157338705616,-0.16012815380508702,-0.1758631145281652,-0.17586311452816475,-0.1601281538050872,-0.16012815380508685,-0.20412414523193173,-0.16012815380508724,-0.21707238158772652,-0.17586311452816497,-0.1601281538050872,-0.16012815380508708,-0.16012815380508708,-0.20412414523193181,5.686240703077339,6.244997998398389
-0.14285714285714296,-0.142857142857143,2.7444454495328436,-0.28474739872574933,-0.26366402215232204,-0.4034732923929642,-0.17586311452816505,2.2912878474779164,-0.5927489783638196,-0.24124895481858216,2.9999999999999996,-0.1758631145281647,-0.17586311452816494,-0.1758631145281649,-0.20412414523193168,-0.2526455763199551,-0.19044534662683063,-0.2170723815877266,-0.43643578047198417,-0.25264557631995604,-0.20412414523193187,-0.16012815380508724,-0.1601281538050868,-0.34251778896020846,-0.27435163058436757,-0.2948839123097945,-0.21707238158772663,-0.16012815380508674,-0.17586311452816505,-0.2170723815877268,-0.16012815380508702,-0.1601281538050869,-0.1601281538050871,-0.16012815380508685,-0.26366402215232204,-0.16012815380508705,-0.2041241452319317,-0.16012815380508713,-0.17586311452816483,-0.2170723815877267,-0.17586311452816497,-0.2294157338705619,-0.25264557631995566,-0.16012815380508733,-0.17586311452816486,-0.19044534662683035,-0.2294157338705616,-0.16012815380508702,-0.1758631145281652,-0.17586311452816475,-0.1601281538050872,-0.16012815380508685,-0.20412414523193173,-0.16012815380508724,-0.21707238158772652,-0.17586311452816497,-0.1601281538050872,-0.16012815380508708,-0.16012815380508708,-0.20412414523193181,-0.1758631145281651,-0.1601281538050869
-0.14285714285714296,-0.142857142857143,-0.9005292435633556,-0.28474739872574933,-0.26366402215232204,-0.4034732923929642,-0.17586311452816505,-0.4364357804719841,-0.5927489783638196,-0.24124895481858216,-0.3333333333333333,-0.1758631145281647,-0.17586311452816494,-0.1758631145281649,-0.20412414523193168,-0.2526455763199551,-0.19044534662683063,-0.2170723815877266,-0.43643578047198417,-0.25264557631995604,-0.20412414523193187,-0.16012815380508724,-0.1601281538050868,-0.34251778896020846,-0.27435163058436757,-0.2948839123097945,-0.21707238158772663,-0.16012815380508674,-0.17586311452816505,-0.2170723815877268,-0.16012815380508702,-0.1601281538050869,-0.1601281538050871,-0.16012815380508685,-0.26366402215232204,-0.16012815380508705,-0.2041241452319317,-0.16012815380508713,-0.17586311452816483,-0.2170723815877267,-0.17586311452816497,-0.2294157338705619,-0.25264557631995566,-0.16012815380508733,-0.17586311452816486,-0.19044534662683035,-0.2294157338705616,-0.16012815380508702,-0.1758631145281652,5.686240703077327,-0.1601281538050872,-0.16012815380508685,-0.20412414523193173,-0.16012815380508724,-0.21707238158772652,-0.17586311452816497,-0.1601281538050872,-0.16012815380508708,-0.16012815380508708,-0.20412414523193181,-0.1758631145281651,-0.1601281538050869
-0.14285714285714296,-0.142857142857143,-0.804062957303372,-0.28474739872574933,-0.26366402215232204,-0.4034732923929642,-0.17586311452816505,-0.4364357804719841,1.687054784573948,-0.24124895481858216,-0.3333333333333333,-0.1758631145281647,-0.17586311452816494,-0.1758631145281649,-0.20412414523193168,-0.2526455763199551,-0.19044534662683063,-0.2170723815877266,-0.43643578047198417,-0.25264557631995604,-0.20412414523193187,-0.16012815380508724,-0.1601281538050868,-0.34251778896020846,-0.27435163058436757,-0.2948839123097945,-0.21707238158772663,-0.16012815380508674,-0.17586311452816505,-0.2170723815877268,-0.16012815380508702,-0.1601281538050869,-0.1601281538050871,-0.16012815380508685,-0.26366402215232204,-0.16012815380508705,-0.2041241452319317,-0.16012815380508713,-0.17586311452816483,-0.2170723815877267,-0.17586311452816497,-0.2294157338705619,-0.25264557631995566,-0.16012815380508733,-0.17586311452816486,-0.19044534662683035,-0.2294157338705616,-0.16012815380508702,-0.1758631145281652,-0.17586311452816475,-0.1601281538050872,-0.16012815380508685,-0.20412414523193173,-0.16012815380508724,4.6067583203617515,-0.17586311452816497,-0.1601281538050872,-0.16012815380508708,-0.16012815380508708,-0.20412414523193181,-0.1758631145281651,-0.1601281538050869
-0.14285714285714296,-0.142857142857143,-0.7811919108780965,3.511884584284242,-0.26366402215232204,-0.4034732923929642,-0.17586311452816505,-0.4364357804719841,-0.5927489783638196,-0.24124895481858216,-0.3333333333333333,-0.1758631145281647,-0.17586311452816494,-0.1758631145281649,-0.20412414523193168,-0.2526455763199551,-0.19044534662683063,-0.2170723815877266,2.291287847477917,-0.25264557631995604,4.898979485566365,6.244997998398403,-0.1601281538050868,-0.34251778896020846,-0.27435163058436757,-0.2948839123097945,-0.21707238158772663,-0.16012815380508674,-0.17586311452816505,-0.2170723815877268,-0.16012815380508702,-0.1601281538050869,-0.1601281538050871,-0.16012815380508685,-0.26366402215232204,-0.16012815380508705,-0.2041241452319317,-0.16012815380508713,-0.17586311452816483,-0.2170723815877267,-0.17586311452816497,-0.2294157338705619,-0.25264557631995566,-0.16012815380508733,-0.17586311452816486,-0.19044534662683035,-0.2294157338705616,-0.16012815380508702,-0.1758631145281652,-0.17586311452816475,-0.1601281538050872,-0.16012815380508685,-0.20412414523193173,-0.16012815380508724,-0.21707238158772652,-0.17586311452816497,-0.1601281538050872,-0.16012815380508708,-0.16012815380508708,-0.20412414523193181,-0.1758631145281651,-0.1601281538050869
-0.14285714285714296,-0.142857142857143,-0.8646056763756299,-0.28474739872574933,-0.26366402215232204,-0.4034732923929642,-0.17586311452816505,-0.4364357804719841,1.687054784573948,-0.24124895481858216,-0.3333333333333333,-0.1758631145281647,-0.17586311452816494,-0.1758631145281649,-0.20412414523193168,-0.2526455763199551,-0.19044534662683063,-0.2170723815877266,-0.43643578047198417,-0.25264557631995604,-0.20412414523193187,-0.16012815380508724,-0.1601281538050868,-0.34251778896020846,-0.27435163058436757,-0.2948839123097945,-0.21707238158772663,-0.16012815380508674,-0.17586311452816505,-0.2170723815877268,-0.16012815380508702,-0.1601281538050869,-0.1601281538050871,-0.16012815380508685,-0.26366402215232204,-0.16012815380508705,-0.2041241452319317,-0.16012815380508713,-0.17586311452816483,4.606758320361756,-0.17586311452816497,-0.2294157338705619,-0.25264557631995566,-0.16012815380508733,-0.17586311452816486,-0.19044534662683035,-0.2294157338705616,-0.16012815380508702,-0.1758631145281652,-0.17586311452816475,-0.1601281538050872,-0.16012815380508685,-0.20412414523193173,-0.16012815380508724,-0.21707238158772652,-0.17586311452816497,-0.1601281538050872,-0.16012815380508708,-0.16012815380508708,-0.20412414523193181,-0.1758631145281651,-0.1601281538050869
7.000000000000004,-0.142857142857143,-0.16565484358281565,-0.28474739872574933,-0.26366402215232204,-0.4034732923929642,-0.17586311452816505,-0.4364357804719841,-0.5927489783638196,-0.24124895481858216,-0.3333333333333333,-0.1758631145281647,-0.17586311452816494,-0.1758631145281649,-0.20412414523193168,-0.2526455763199551,-0.19044534662683063,-0.2170723815877266,-0.43643578047198417,-0.25264557631995604,-0.20412414523193187,-0.16012815380508724,-0.1601281538050868,-0.34251778896020846,-0.27435163058436757,-0.2948839123097945,-0.21707238158772663,-0.16012815380508674,-0.17586311452816505,4.606758320361757,-0.16012815380508702,-0.1601281538050869,-0.1601281538050871,-0.16012815380508685,-0.26366402215232204,-0.16012815380508705,-0.2041241452319317,-0.16012815380508713,-0.17586311452816483,-0.2170723815877267,-0.17586311452816497,-0.2294157338705619,-0.25264557631995566,-0.16012815380508733,-0.17586311452816486,-0.19044534662683035,-0.2294157338705616,-0.16012815380508702,-0.1758631145281652,-0.17586311452816475,-0.1601281538050872,-0.16012815380508685,-0.20412414523193173,-0.16012815380508724,-0.21707238158772652,-0.17586311452816497,-0.1601281538050872,-0.16012815380508708,-0.16012815380508708,-0.20412414523193181,-0.1758631145281651,-0.1601281538050869
-0.14285714285714296,-0.142857142857143,-0.015667395178588686,-0.28474739872574933,-0.26366402215232204,-0.4034732923929642,-0.17586311452816505,2.2912878474779164,-0.5927489783638196,-0.24124895481858216,-0.3333333333333333,-0.1758631145281647,-0.17586311452816494,-0.1758631145281649,-0.20412414523193168,-0.2526455763199551,-0.19044534662683063,-0.2170723815877266,-0.43643578047198417,-0.25264557631995604,-0.20412414523193187,-0.16012815380508724,-0.1601281538050868,-0.34251778896020846,-0.27435163058436757,-0.2948839123097945,-0.21707238158772663,-0.16012815380508674,-0.17586311452816505,-0.2170723815877268,-0.16012815380508702,-0.1601281538050869,-0.1601281538050871,-0.16012815380508685,-0.26366402215232204,-0.16012815380508705,-0.2041241452319317,-0.16012815380508713,-0.17586311452816483,-0.2170723815877267,-0.17586311452816497,-0.2294157338705619,-0.25264557631995566,-0.16012815380508733,-0.17586311452816486,-0.19044534662683035,-0.2294157338705616,-0.16012815380508702,-0.1758631145281652,-0.17586311452816475,-0.1601281538050872,-0.16012815380508685,-0.20412414523193173,-0.16012815380508724,4.6067583203617515,-0.17586311452816497,-0.1601281538050872,-0.16012815380508708,-0.16012815380508708,-0.20412414523193181,-0.1758631145281651,-0.1601281538050869
-0.14285714285714296,-0.142857142857143,1.2543894911533977,-0.28474739872574933,3.792705549421863,-0.4034732923929642,-0.17586311452816505,-0.4364357804719841,1.687054784573948,-0.24124895481858216,-0.3333333333333333,-0.1758631145281647,-0.17586311452816494,-0.1758631145281649,-0.20412414523193168,-0.2526455763199551,-0.19044534662683063,4.606758320361753,-0.43643578047198417,-0.25264557631995604,-0.20412414523193187,-0.16012815380508724,-0.1601281538050868,-0.34251778896020846,-0.27435163058436757,-0.2948839123097945,-0.21707238158772663,-0.16012815380508674,-0.17586311452816505,-0.2170723815877268,-0.16012815380508702,-0.1601281538050869,-0.1601281538050871,-0.16012815380508685,3.792705549421863,-0.16012815380508705,-0.2041241452319317,6.244997998398398,-0.17586311452816483,4.606758320361756,-0.17586311452816497,-0.2294157338705619,-0.25264557631995566,-0.16012815380508733,-0.17586311452816486,5.250850271282608,4.35889894354067,-0.16012815380508702,-0.1758631145281652,-0.17586311452816475,-0.1601281538050872,-0.16012815380508685,-0.20412414523193173,-0.16012815380508724,-0.21707238158772652,-0.17586311452816497,-0.1601281538050872,-0.16012815380508708,-0.16012815380508708,-0.20412414523193181,-0.1758631145281651,-0.1601281538050869
-0.14285714285714296,-0.142857142857143,-0.40584453368468987,-0.28474739872574933,-0.26366402215232204,-0.4034732923929642,-0.17586311452816505,-0.4364357804719841,-0.5927489783638196,-0.24124895481858216,-0.3333333333333333,-0.1758631145281647,-0.17586311452816494,-0.1758631145281649,-0.20412414523193168,-0.2526455763199551,-0.19044534662683063,-0.2170723815877266,-0.43643578047198417,-0.25264557631995604,-0.20412414523193187,-0.16012815380508724,-0.1601281538050868,-0.34251778896020846,-0.27435163058436757,-0.2948839123097945,-0.21707238158772663,-0.16012815380508674,-0.17586311452816505,-0.2170723815877268,-0.16012815380508702,-0.1601281538050869,-0.1601281538050871,-0.16012815380508685,-0.26366402215232204,-0.16012815380508705,-0.2041241452319317,-0.16012815380508713,-0.17586311452816483,-0.2170723815877267,-0.17586311452816497,-0.2294157338705619,-0.25264557631995566,-0.16012815380508733,-0.17586311452816486,-0.19044534662683035,-0.2294157338705616,-0.16012815380508702,-0.1758631145281652,-0.17586311452816475,-0.1601281538050872,-0.16012815380508685,-0.20412414523193173,-0.16012815380508724,-0.21707238158772652,-0.17586311452816497,-0.1601281538050872,-0.16012815380508708,-0.16012815380508708,-0.20412414523193181,-0.1758631145281651,-0.1601281538050869
-0.14285714285714296,-0.142857142857143,-0.7471329895135779,-0.28474739872574933,-0.26366402215232204,-0.4034732923929642,-0.17586311452816505,-0.4364357804719841,-0.5927489783638196,-0.24124895481858216,-0.3333333333333333,-0.1758631145281647,-0.17586311452816494,-0.1758631145281649,-0.20412414523193168,-0.2526455763199551,-0.19044534662683063,-0.2170723815877266,2.291287847477917,-0.25264557631995604,-0.20412414523193187,-0.16012815380508724,-0.1601281538050868,-0.34251778896020846,-0.27435163058436757,-0.2948839123097945,-0.21707238158772663,-0.16012815380508674,-0.17586311452816505,-0.2170723815877268,-0.16012815380508702,-0.1601281538050869,-0.1601281538050871,-0.16012815380508685,-0.26366402215232204,-0.16012815380508705,-0.2041241452319317,-0.16012815380508713,-0.17586311452816483,-0.2170723815877267,-0.17586311452816497,-0.2294157338705619,-0.25264557631995566,-0.16012815380508733,-0.17586311452816486,-0.19044534662683035,-0.2294157338705616,-0.16012815380508702,-0.1758631145281652,-0.17586311452816475,-0.1601281538050872,-0.16012815380508685,-0.20412414523193173,-0.16012815380508724,-0.21707238158772652,-0.17586311452816497,-0.1601281538050872,-0.16012815380508708,-0.16012815380508708,-0.20412414523193181,-0.1758631145281651,-0.1601281538050869
-0.14285714285714296,-0.142857142857143,-0.3941322271076699,-0.28474739872574933,-0.26366402215232204,-0.4034732923929642,-0.17586311452816505,-0.4364357804719841,1.687054784573948,-0.24124895481858216,-0.3333333333333333,-0.1758631145281647,-0.17586311452816494,-0.1758631145281649,-0.20412414523193168,-0.2526455763199551,-0.19044534662683063,-0.2170723815877266,-0.43643578047198417,-0.25264557631995604,-0.20412414523193187,-0.16012815380508724,-0.1601281538050868,-0.34251778896020846,-0.27435163058436757,-0.2948839123097945,-0.21707238158772663,6.244997998398382,-0.17586311452816505,-0.2170723815877268,-0.16012815380508702,-0.1601281538050869,-0.1601281538050871,-0.16012815380508685,-0.26366402215232204,-0.16012815380508705,-0.2041241452319317,-0.16012815380508713,-0.17586311452816483,-0.2170723815877267,5.686240703077335,-0.2294157338705619,-0.25264557631995566,-0.16012815380508733,-0.17586311452816486,-0.19044534662683035,-0.2294157338705616,-0.16012815380508702,-0.1758631145281652,-0.17586311452816475,-0.1601281538050872,-0.16012815380508685,-0.20412414523193173,-0.16012815380508724,-0.21707238158772652,-0.17586311452816497,-0.1601281538050872,-0.16012815380508708,-0.16012815380508708,-0.20412414523193181,-0.1758631145281651,6.244997998398389
